ID	phylum	"Predicted GTPase, probable translation factor
"	"Phenylalanyl-tRNA synthetase alpha subunit
"	"Arginyl-tRNA synthetase
"	"Seryl-tRNA synthetase
"	"Cysteinyl-tRNA synthetase
"	"Leucyl-tRNA synthetase
"	"Valyl-tRNA synthetase
"	"Metal-dependent proteases with possible chaperone activity
"	"Signal recognition particle GTPase (Ffh)
"	"Signal recognition particle GTPase (FtsY)
"
meta_mOTU_v2_5331	Firmicutes	2921.3190311408757	0.07551701402101745	1235.4476601770618	0.07551701402101745	3037.835866488638	2202.16945066432	406.26747227713776	0.07551701402101745	781.2138925781048	1128.386503931529
meta_mOTU_v2_5354	Firmicutes	32.78084540026969	0.005111565410006201	0.005111565410006201	167.4579326984207	50.439888581164126	59.70086500721229	81.74029379795621	0.005111565410006201	53.111929747053914	0.005111565410006201
meta_mOTU_v2_5357	Firmicutes	0.21728068014067622	0.21728068014067622	1810.1699817180038	7201.789647314346	6527.599893706292	0.21728068014067622	0.21728068014067622	0.21728068014067622	2334.9736186489404	0.21728068014067622
meta_mOTU_v2_5362	Firmicutes	0.2466667916445078	3031.3899949975976	0.2466667916445078	0.2466667916445078	0.2466667916445078	2856.1578470133095	0.2466667916445078	0.2466667916445078	5277.191642830433	0.2466667916445078
meta_mOTU_v2_5386	Proteobacteria	164.25419405386572	70.96957455029009	45.02964752165042	80.98207527071114	56.53025390168116	167.2119193428559	49.4080599515964	121.24661641441081	135.8541222931846	28.544060327788497
meta_mOTU_v2_5396	Firmicutes	3824.240754172762	459.2754313128354	1196.3520435679234	0.07434697704447868	2233.5502592256053	3046.56512282195	783.750105684228	1032.260855141904	6248.489101550982	8110.599458858093
meta_mOTU_v2_5437	Firmicutes	0.0447085107925898	0.0447085107925898	0.0447085107925898	0.0447085107925898	0.0447085107925898	131.06520012021224	0.0447085107925898	0.0447085107925898	0.0447085107925898	0.0447085107925898
meta_mOTU_v2_5517	Firmicutes	1256.3919564447556	0.10063224218799452	0.10063224218799452	1088.8864465779152	0.10063224218799452	0.10063224218799452	0.10063224218799452	0.10063224218799452	0.10063224218799452	0.10063224218799452
meta_mOTU_v2_5520	Bacteroidetes	0.11571548155113363	1597.2140231889196	0.11571548155113363	0.11571548155113363	1111.5657622653205	294.8183794602243	0.11571548155113363	0.11571548155113363	0.11571548155113363	5132.616020507561
meta_mOTU_v2_5681	Firmicutes	0.05218331602325769	0.05218331602325769	0.05218331602325769	0.05218331602325769	0.05218331602325769	0.05218331602325769	277.2517280896476	0.05218331602325769	0.05218331602325769	810.6092681326456
meta_mOTU_v2_5735	Firmicutes	0.06072096675551358	0.06072096675551358	0.06072096675551358	0.06072096675551358	615.9678888097087	0.06072096675551358	0.06072096675551358	0.06072096675551358	0.06072096675551358	0.06072096675551358
meta_mOTU_v2_5805	Firmicutes	1441.9966919197714	667.421716345822	393.40695852832044	5397.107851560332	148.175592846199	570.8983739076151	350.6916770768741	3083.5775540005884	1667.2304633669103	929.0171378640003
meta_mOTU_v2_5907	Firmicutes	0.18512330600604798	0.18512330600604798	0.18512330600604798	0.18512330600604798	0.18512330600604798	0.18512330600604798	0.18512330600604798	0.18512330600604798	1936.353600879706	0.18512330600604798
meta_mOTU_v2_5954	Firmicutes	0.08802238092266293	0.08802238092266293	1463.9537314755798	0.08802238092266293	0.08802238092266293	979.4591705105307	0.08802238092266293	0.08802238092266293	0.08802238092266293	0.08802238092266293
meta_mOTU_v2_5978	Firmicutes	0.06130288116798173	0.06130288116798173	0.06130288116798173	0.06130288116798173	611.3318198060659	0.06130288116798173	0.06130288116798173	0.06130288116798173	4390.578233173723	2560.886900414144
meta_mOTU_v2_5983	Firmicutes	0.3029703516243604	0.3029703516243604	2396.804589273698	0.3029703516243604	0.3029703516243604	3490.9234433307593	1618.825630261648	0.3029703516243604	0.3029703516243604	0.3029703516243604
meta_mOTU_v2_6009	Firmicutes	887.5074430872836	0.06882347981837485	0.06882347981837485	744.7012284647031	36526.66477321804	11511.765430379028	185.58720612804265	2909.485854813428	1420.749069799053	0.06882347981837485
meta_mOTU_v2_6028	Firmicutes	1755.05000666901	3122.3411069977005	1874.5221618793976	7031.10205964719	4994.387155152475	2819.869699494603	933.9951470964563	613.7068519143226	476.4223759392264	1419.6490965256357
meta_mOTU_v2_6088	Firmicutes	0.006411191827802518	0.006411191827802518	409.14581533271024	70.50648375049133	0.006411191827802518	0.006411191827802518	0.006411191827802518	0.006411191827802518	66.91113636778762	0.006411191827802518
meta_mOTU_v2_6108	Firmicutes	0.05399758425607556	0.05399758425607556	0.05399758425607556	0.05399758425607556	0.05399758425607556	0.05399758425607556	0.05399758425607556	747.5174719713391	0.05399758425607556	879.4227909331793
meta_mOTU_v2_6201	Firmicutes	1857.874621301267	17847.435675310033	8289.98333495689	12698.999329599435	7255.659380191256	6573.305898490493	1504.5131182132002	0.14367778933905057	0.14367778933905057	9016.33119066646
meta_mOTU_v2_6326	Bacteroidetes	3019.0486086146384	39209.28396379776	9288.890092677195	5228.109098406645	8747.661431411014	8220.596688140988	2548.2246301397863	19604.76000304966	7540.437565575437	31441.453715101474
meta_mOTU_v2_6371	Firmicutes	0.05734596343770471	0.05734596343770471	0.05734596343770471	0.05734596343770471	0.05734596343770471	0.05734596343770471	305.02525653860107	0.05734596343770471	0.05734596343770471	1867.8538916031691
meta_mOTU_v2_6407	Firmicutes	0.010753353261160843	0.010753353261160843	897.3555950578792	707.846404715268	327.23219131789745	0.010753353261160843	112.35314862699897	445.26221146495	216.7570020567294	153.84129764671042
meta_mOTU_v2_6419	Firmicutes	0.03540378190279042	487.2475560592334	1714.8884680323322	0.03540378190279042	0.03540378190279042	1586.954985472058	0.03540378190279042	1483.357861462877	9780.28978225612	574.6097350841211
meta_mOTU_v2_6509	Firmicutes	0.008794243211004736	0.008794243211004736	70.28005394142546	0.008794243211004736	0.008794243211004736	0.008794243211004736	0.008794243211004736	0.008794243211004736	0.008794243211004736	0.008794243211004736
meta_mOTU_v2_6548	Firmicutes	0.09510683874283596	0.09510683874283596	0.09510683874283596	0.09510683874283596	0.09510683874283596	0.09510683874283596	0.09510683874283596	0.09510683874283596	1003.7200565391134	0.09510683874283596
meta_mOTU_v2_6557	Firmicutes	0.01055265076255565	0.01055265076255565	0.01055265076255565	0.01055265076255565	0.01055265076255565	61.77818320710253	0.01055265076255565	0.01055265076255565	221.7322061202842	0.01055265076255565
meta_mOTU_v2_6602	Firmicutes	0.061222305783867136	0.061222305783867136	0.061222305783867136	679.6377765748274	0.061222305783867136	0.061222305783867136	0.061222305783867136	0.061222305783867136	0.061222305783867136	0.061222305783867136
meta_mOTU_v2_6629	Firmicutes	0.26840903497020796	0.26840903497020796	2145.0170302848596	0.26840903497020796	0.26840903497020796	0.26840903497020796	0.26840903497020796	0.26840903497020796	0.26840903497020796	0.26840903497020796
meta_mOTU_v2_6652	Firmicutes	2662.340396099765	0.10323216821723104	861.5540875138317	15929.88298365329	1025.1207056579383	1810.7552162956517	1109.36871712249	0.10323216821723104	1096.8487906816038	2537.222200428764
meta_mOTU_v2_6657	Firmicutes	2216.464046232772	0.17235085532558972	0.17235085532558972	0.17235085532558972	0.17235085532558972	0.17235085532558972	0.17235085532558972	0.17235085532558972	0.17235085532558972	0.17235085532558972
meta_mOTU_v2_6672	Firmicutes	13979.024814602506	0.3623521874839206	0.3623521874839206	3824.1220391296883	0.3623521874839206	2118.8677189857326	0.3623521874839206	0.3623521874839206	0.3623521874839206	0.3623521874839206
meta_mOTU_v2_6699	Firmicutes	0.15275279633087785	0.15275279633087785	2441.325043133571	3275.4385819957915	2934.541485444568	0.15275279633087785	0.15275279633087785	0.15275279633087785	1580.2082242105546	0.15275279633087785
meta_mOTU_v2_6721	Firmicutes	0.022995960667524906	0.022995960667524906	0.022995960667524906	125.28875551793823	0.022995960667524906	0.022995960667524906	0.022995960667524906	0.022995960667524906	0.022995960667524906	0.022995960667524906
meta_mOTU_v2_6727	Firmicutes	660.915080855079	0.009107578609241418	76.0099464503522	200.31038385638706	183.19061665666112	106.63715017927177	0.009107578609241418	0.009107578609241418	1997.929465055077	0.009107578609241418
meta_mOTU_v2_6777	Firmicutes	4815.204646120963	0.3734043498619524	3014.8046277494695	4040.4042165565997	3715.8351449667707	6501.286116602229	0.3734043498619524	0.3734043498619524	15518.372550000702	12162.403876758643
meta_mOTU_v2_6832	Firmicutes	0.11217368255094622	0.11217368255094622	0.11217368255094622	0.11217368255094622	2246.6703878416297	1182.5112338016995	0.11217368255094622	0.11217368255094622	0.11217368255094622	0.11217368255094622
meta_mOTU_v2_6875	Firmicutes	14214.042742500296	0.12315239086204333	0.12315239086204333	0.12315239086204333	1238.610448051797	719.2448079875655	656.5354450437997	3379.7852771563025	3864.203514990909	0.12315239086204333
meta_mOTU_v2_6891	Firmicutes	10734.867469983163	1915.1807761822263	0.13875164039126853	0.13875164039126853	26455.48475799355	0.13875164039126853	2143.561061405648	3852.8191667908495	0.13875164039126853	0.13875164039126853
meta_mOTU_v2_6937	Firmicutes	0.0021603847377330196	0.0021603847377330196	17.264925731427684	0.0021603847377330196	0.0021603847377330196	0.0021603847377330196	0.0021603847377330196	29.73247848205492	0.0021603847377330196	0.0021603847377330196
meta_mOTU_v2_6975	Firmicutes	0.20308300306959964	0.20308300306959964	0.20308300306959964	2238.616309392894	0.20308300306959964	0.20308300306959964	0.20308300306959964	0.20308300306959964	0.20308300306959964	0.20308300306959964
meta_mOTU_v2_7093	Firmicutes	0.008288781066030246	0.008288781066030246	0.008288781066030246	0.008288781066030246	0.008288781066030246	48.46895158134235	0.008288781066030246	0.008288781066030246	0.008288781066030246	0.008288781066030246
meta_mOTU_v2_7097	Firmicutes	1081.6395116398098	0.08387782624238578	1390.1113649254132	0.08387782624238578	0.08387782624238578	0.08387782624238578	0.08387782624238578	0.08387782624238578	0.08387782624238578	0.08387782624238578
meta_mOTU_v2_7104	Firmicutes	833.301395022311	0.06461996706578758	0.06461996706578758	1421.2394932941602	0.06461996706578758	0.06461996706578758	347.24660956803297	0.06461996706578758	674.4136729259076	0.06461996706578758
meta_mOTU_v2_7115	Firmicutes	0.051386730003894605	705.152537808172	0.051386730003894605	0.051386730003894605	0.051386730003894605	300.48579020740556	0.051386730003894605	0.051386730003894605	0.051386730003894605	0.051386730003894605
meta_mOTU_v2_7130	Firmicutes	1072.5810243481662	382.634507383598	444.3452662293999	286.98283116704465	0.02780251738449709	520.5819583737374	0.02780251738449709	0.02780251738449709	290.16415076126356	0.02780251738449709
meta_mOTU_v2_7331	Firmicutes	0.28893441853248475	0.28893441853248475	0.28893441853248475	0.28893441853248475	0.28893441853248475	0.28893441853248475	0.28893441853248475	0.28893441853248475	3015.4970868187256	0.28893441853248475
meta_mOTU_v2_7416	Bacteroidetes	335.6827530181741	363.3250536673048	0.026245105878268588	1747.9733428459592	0.026245105878268588	133.70762487513235	0.026245105878268588	0.026245105878268588	556.4298257571675	0.026245105878268588
meta_mOTU_v2_7434	Proteobacteria	12384.20638087225	4675.575855143198	20475.909460544524	7980.550380940505	13634.558593583659	2340.160938815798	3863.325178382546	2892.68791816312	0.012473126337477746	1114.651000902281
meta_mOTU_v2_7449	Firmicutes	27.12545029869225	0.002103495464446235	0.002103495464446235	69.0720215181023	84.98082953114783	36.94248253748006	0.002103495464446235	0.002103495464446235	21.5707779683949	0.002103495464446235
meta_mOTU_v2_7527	Firmicutes	3004.8733633339248	2879.0172399319613	3364.7157125492904	2557.6450923574657	4112.417333645595	655.9527232187531	1270.9340838914025	0.05841767433747201	14210.469772913557	2343.3018909158586
meta_mOTU_v2_7593	Firmicutes	0.22562616902558827	0.22562616902558827	15446.058394308806	0.22562616902558827	0.22562616902558827	5250.663217293795	1215.2153319750637	21735.041473023008	9418.416338493404	0.22562616902558827
meta_mOTU_v2_7769	Firmicutes	0.05368608959596333	2222.970490957679	8363.745892088062	4711.8773408678535	6029.092684685114	14054.713088920967	5782.011202944746	3578.970732652453	85563.82636683845	8450.606979975464
ref_mOTU_v2_0036	Proteobacteria	351293.5573968634	425077.5170306086	384819.3439489763	347432.721154104	411922.3536362197	328058.3697757863	383508.0087795782	389548.6323923859	411362.82123464625	464145.55729605147
ref_mOTU_v2_0138	Firmicutes	0.3647205784468374	0.3647205784468374	0.3647205784468374	0.3647205784468374	1929.0653528215694	0.3647205784468374	0.3647205784468374	0.3647205784468374	3715.826977287026	0.3647205784468374
ref_mOTU_v2_0219	Firmicutes	641.5490477920403	0.025353100875653005	423.158002781083	560.2291428215472	0.025353100875653005	1001.5407613591968	396.8881265267795	0.025353100875653005	0.025353100875653005	514.3503841894818
ref_mOTU_v2_0455	Bacteroidetes	398.5814009128084	531.4392708349061	543.6963395583253	776.5229649960733	296.9209255492409	198.15042997900298	0.007791154306724936	215.7064505522004	0.007791154306724936	709.8261542287355
ref_mOTU_v2_0466	Firmicutes	128.94803457309527	0.010026918365312703	0.010026918365312703	218.99522784863473	0.010026918365312703	58.9255210530743	0.010026918365312703	0.010026918365312703	104.41558178501586	0.010026918365312703
ref_mOTU_v2_0642	(Firmicutes/Actinobacteria)	5614.151796393916	0.14115158805417172	32269.79430769521	23174.2548600609	5293.56420322328	6179.904807227862	743.2335374197094	0.14115158805417172	2809.1246313473393	6491.912418403795
ref_mOTU_v2_0643	Firmicutes	0.3520894926988963	0.3520894926988963	0.3520894926988963	0.3520894926988963	3715.8136069913708	0.3520894926988963	0.3520894926988963	0.3520894926988963	0.3520894926988963	0.3520894926988963
ref_mOTU_v2_0775	Bacteroidetes	1174.1535886385698	1399.9797426472728	322.4274072420468	0.010173025669025983	409.75736413120535	52.109149393445556	602.6117167192414	561.6401939174016	433.3039221734238	2286.7664371984743
ref_mOTU_v2_0858	Firmicutes	247.66874790654035	263.5994235918237	464.6812792452299	1232.061783320447	559.9225845497235	1395.8158661989269	307.67940053273855	536.5932749302129	1976.8711802309065	309.79390394877447
ref_mOTU_v2_0859	Firmicutes	95.07925424400928	0.007393303230217726	118.16121708380338	0.007393303230217726	0.007393303230217726	43.178982762653995	0.007393303230217726	0.007393303230217726	0.007393303230217726	0.007393303230217726
ref_mOTU_v2_0860	Firmicutes	26557.215024171106	0.41304017393947806	3295.2569473357257	4563.694508052631	8272.574338970506	4495.113398940634	0.41304017393947806	5651.4534623505615	4310.7409895286055	18573.259268621503
ref_mOTU_v2_0882	Firmicutes	13004.261287910911	0.14446723013701995	0.14446723013701995	0.14446723013701995	1452.9853573794223	0.14446723013701995	0.14446723013701995	0.14446723013701995	4533.008044657709	0.14446723013701995
ref_mOTU_v2_0883	Firmicutes	7431.213627337421	0.28972389891880834	0.28972389891880834	9535.775991565557	0.28972389891880834	1657.1239114348807	4627.805118378287	0.28972389891880834	12975.61437111661	0.28972389891880834
ref_mOTU_v2_0884	Firmicutes	0.3378796161957864	0.3378796161957864	2814.882290850828	7431.261207973689	3614.468771138593	6611.857098884524	0.3378796161957864	4442.2864614340815	0.3378796161957864	0.3378796161957864
ref_mOTU_v2_0886	Firmicutes	7004.831021210558	0.27235622451086183	3253.6773390361095	0.27235622451086183	0.27235622451086183	796.4426888967448	0.27235622451086183	0.27235622451086183	5585.606716522381	0.27235622451086183
ref_mOTU_v2_0897	Bacteroidetes	0.05677502956985478	0.05677502956985478	0.05677502956985478	1397.230747630054	540.9667391437769	585.7768162800354	1925.6238721285533	785.9671346386331	1346.5396284312772	1670.1162891704416
ref_mOTU_v2_0898	Bacteroidetes	1015.3555694089442	738.4409062088394	433.6979160621757	1178.898111676624	670.3920503558048	385.45654120064466	212.52372431668343	1423.668955149812	750.9993943359634	1055.8571379057807
ref_mOTU_v2_0899	Bacteroidetes	760.3112430123153	1749.750934120016	2711.987463780366	1344.4962965510813	1658.7642434096156	1306.2958155581728	550.7387901969271	1163.406646567713	1057.422619725587	2185.885534806625
ref_mOTU_v2_0973	Firmicutes	0.06310717782302704	0.06310717782302704	0.06310717782302704	0.06310717782302704	0.06310717782302704	703.0489952769327	0.06310717782302704	0.06310717782302704	0.06310717782302704	0.06310717782302704
ref_mOTU_v2_0979	Firmicutes	0.6354980302738552	0.6354980302738552	7540.881607352458	0.6354980302738552	0.6354980302738552	0.6354980302738552	3399.439321694823	0.6354980302738552	0.6354980302738552	0.6354980302738552
ref_mOTU_v2_1074	Bacteroidetes	2492.5223717632525	10182.124944022537	3036.4365091750988	2015.3065906044112	1740.865424239946	1787.7534733287118	705.5926217507913	1322.895678576765	3456.742645051697	12497.397976707276
ref_mOTU_v2_1149	Proteobacteria	4291.450516426594	3793.2683712770095	3804.2631904188056	8029.171193585113	3240.6769062602816	940.8812627924275	5945.476199245723	1446.2833857992853	8248.16379159423	0.05577232087757078
ref_mOTU_v2_1301	Verrucomicrobia	1263.0773355429696	950.8225523234527	307.1221214089874	146.54628413328672	206.68844518395625	227.40477629926085	109.49477113698181	720.6250808272946	195.11584316952607	229.81535439326143
ref_mOTU_v2_1309	Firmicutes	0.020869020662980825	0.020869020662980825	0.020869020662980825	0.020869020662980825	419.76127006939817	0.020869020662980825	0.020869020662980825	0.020869020662980825	0.020869020662980825	0.020869020662980825
ref_mOTU_v2_1377	Firmicutes	3550.91583068436	0.13957269818450815	0.13957269818450815	0.13957269818450815	1397.7855465492396	3410.4282908276323	743.231889151363	0.13957269818450815	4350.428365499025	2189.7849317315045
ref_mOTU_v2_1378	Bacteroidetes	390.5496935524067	1320.9678109501676	510.7176555343922	1690.8377292230484	983.8942401097863	1008.5359450993407	328.1336859050444	1850.5824143493624	853.5497823614212	1581.837429858113
ref_mOTU_v2_1380	Firmicutes	13265.74925628339	3570.235720318712	14401.185380730036	8548.092118731602	28408.16651798782	4529.334239332969	4119.463077226605	0.25789912791409897	42871.51473519563	3890.618345138666
ref_mOTU_v2_1382	Bacteroidetes	773.4499092230507	2511.3014689701754	156.61014875591468	2009.0532694970886	0.06047160474162691	287.8332855910014	1313.1244217780747	3338.5626772762894	1290.7965851321974	6022.881340621613
ref_mOTU_v2_1383	Actinobacteria	0.008649652344955782	0.008649652344955782	32.94494458223966	0.008649652344955782	0.008649652344955782	0.008649652344955782	45.29147561278527	0.008649652344955782	0.008649652344955782	0.008649652344955782
ref_mOTU_v2_1401	Firmicutes	0.30600775852070955	0.30600775852070955	0.30600775852070955	0.30600775852070955	3229.48516367284	0.30600775852070955	0.30600775852070955	0.30600775852070955	0.30600775852070955	0.30600775852070955
ref_mOTU_v2_1416	Firmicutes	23.464392198473572	0.001829561226631447	0.001829561226631447	0.001829561226631447	0.001829561226631447	0.001829561226631447	0.001829561226631447	0.001829561226631447	0.001829561226631447	0.001829561226631447
ref_mOTU_v2_1427	Firmicutes	0.2236742158205668	0.2236742158205668	0.2236742158205668	0.2236742158205668	1115.387031324232	0.2236742158205668	0.2236742158205668	0.2236742158205668	4689.373826269553	0.2236742158205668
ref_mOTU_v2_1475	Firmicutes	100984.05178305182	15187.078023905337	21115.10688388291	77058.5136378463	44585.90476185187	47066.57367184234	22216.933477063038	4895.177289595369	91915.16447795424	16596.09698274984
ref_mOTU_v2_1481	Bacteroidetes	444.44153934713677	715.3914126008776	366.1290647797078	320.57952826836953	872.4272840419854	532.4581975894673	527.5618504878751	478.32813713814124	492.0357161121767	5646.6698510599335
ref_mOTU_v2_1706	Bacteroidetes	247.70390649778363	268.10252007911873	1829.1568606089706	556.057552025513	369.0455725989177	447.84644219825566	0.006455851607137775	268.10252007911873	535.8833625938352	2848.5271382568135
ref_mOTU_v2_2358	Firmicutes	14.635341617271354	15.71138622745215	0.0011349258491032577	0.0011349258491032577	33.92732887973071	6.6530470586232875	36.586651654972194	63.02751182716725	0.0011349258491032577	0.0011349258491032577
ref_mOTU_v2_2690	Firmicutes	0.3044588609097961	0.3044588609097961	0.3044588609097961	0.3044588609097961	0.3044588609097961	0.3044588609097961	1608.5245214211163	0.3044588609097961	0.3044588609097961	0.3044588609097961
ref_mOTU_v2_2795	Firmicutes	0.13459808876097884	0.13459808876097884	0.13459808876097884	0.13459808876097884	0.13459808876097884	0.13459808876097884	718.3667944630655	0.13459808876097884	0.13459808876097884	0.13459808876097884
ref_mOTU_v2_2805	Firmicutes	117.96498286842231	0.009248064819316396	0.009248064819316396	611.6111142133229	271.4790992532835	157.14161680033047	0.009248064819316396	0.009248064819316396	290.1803556676256	0.009248064819316396
ref_mOTU_v2_2893	Firmicutes	0.023872772446523496	0.023872772446523496	0.023872772446523496	0.023872772446523496	239.58953935695104	0.023872772446523496	126.69388137261278	0.023872772446523496	0.023872772446523496	0.023872772446523496
ref_mOTU_v2_2968	Firmicutes	6962.944199700367	0.26998795043777196	0.26998795043777196	0.26998795043777196	5407.45315236581	15687.776699715892	2891.482828901346	18204.969753789886	39270.982153796474	0.26998795043777196
ref_mOTU_v2_3613	Firmicutes	3384.3486942588147	0.26604072604642465	0.26604072604642465	2353.8573598703633	0.26604072604642465	0.26604072604642465	0.26604072604642465	0.26604072604642465	5678.77208078167	0.26604072604642465
ref_mOTU_v2_3624	Firmicutes	7474.886164941063	2157.1705019368924	4023.4467398747347	668.1896966786809	2388.5179664601537	577.373213569125	882.0996366443602	8827.751387235669	6139.335973518325	0.006837100214324631
ref_mOTU_v2_3825	Firmicutes	0.24544768184482407	0.24544768184482407	1906.4999042754037	0.24544768184482407	0.24544768184482407	0.24544768184482407	0.24544768184482407	0.24544768184482407	0.24544768184482407	0.24544768184482407
ref_mOTU_v2_4207	Firmicutes	0.018748668492999464	0.018748668492999464	624.7259827728611	0.018748668492999464	569.3084055474235	0.018748668492999464	300.49512829910714	0.018748668492999464	6124.855441672603	0.018748668492999464
ref_mOTU_v2_4211	Firmicutes	118.8900327207342	0.0023871184727924507	74.28260205681624	4106.075634206472	144.6575267250266	262.2797509827713	12.457910965641913	2073.105707327899	298.2736041861235	71.79077376132176
ref_mOTU_v2_4234	Firmicutes	0.044990691425943974	0.044990691425943974	0.044990691425943974	493.62769923902744	0.044990691425943974	266.0587871319424	0.044990691425943974	0.044990691425943974	0.044990691425943974	0.044990691425943974
ref_mOTU_v2_4266	Bacteroidetes	91.97090910579975	3158.12602340187	18.943157240352782	26.537332585159827	137.4868969255231	355.0335633260151	500.4262286139524	0.002390503803959698	126.70076260011666	429.36448033730653
ref_mOTU_v2_4313	Firmicutes	0.022498224440127182	0.022498224440127182	176.7955192626198	0.022498224440127182	0.022498224440127182	392.6814831423503	119.66887066022747	0.022498224440127182	0.022498224440127182	0.022498224440127182
ref_mOTU_v2_4321	Bacteroidetes	86.41025532720201	1350.8708898014154	769.5765197020436	493.6847650312393	3576.125461419501	313.7200999075482	749.3141280767725	248.6638703539483	626.3152829055244	993.6706435713887
ref_mOTU_v2_4394	Firmicutes	0.17917483181306476	0.17917483181306476	0.17917483181306476	0.17917483181306476	0.17917483181306476	0.17917483181306476	0.17917483181306476	0.17917483181306476	12832.694018660342	0.17917483181306476
ref_mOTU_v2_4459	Firmicutes	0.3068316684647003	0.3068316684647003	0.3068316684647003	0.3068316684647003	3015.111851495927	0.3068316684647003	0.3068316684647003	0.3068316684647003	0.3068316684647003	8914.452538050196
ref_mOTU_v2_4572	Firmicutes	0.28040761172070167	0.28040761172070167	6386.06000807013	11038.479598523596	11090.429853652462	3254.8495422485935	1486.4603446153465	7717.986747375455	46613.18227392066	0.28040761172070167
ref_mOTU_v2_4632	Firmicutes	0.223074863924333	0.223074863924333	0.223074863924333	0.223074863924333	0.223074863924333	0.223074863924333	0.223074863924333	0.223074863924333	4635.513945302043	3301.7745911037746
ref_mOTU_v2_4738	Firmicutes	0.08894027660426024	0.08894027660426024	3547.4960323742603	2927.319967358918	10779.33452492551	9394.967573264552	957.9700314848578	9966.613627696002	25227.854555165202	0.08894027660426024
ref_mOTU_v2_4846	Bacteroidetes	0.03247566192706031	1348.6689802869482	0.03247566192706031	0.03247566192706031	310.06385604967994	0.03247566192706031	516.9844616623187	0.03247566192706031	0.03247566192706031	0.03247566192706031
ref_mOTU_v2_4875	Firmicutes	430.39109758273213	0.006913270300254805	215.12786754328965	593.6492492859041	69.82889682277298	401.9351079868722	36.07902450741877	96.84335473852346	647.8684154954539	103.62807357257111
ref_mOTU_v2_4879	Bacteroidetes	3137.068376124669	0.24393647113694888	0.24393647113694888	0.24393647113694888	0.24393647113694888	0.24393647113694888	1294.5818675190783	0.24393647113694888	0.24393647113694888	10831.16605804517
ref_mOTU_v2_4880	Bacteroidetes	3527.469975761503	4454.293407356794	5125.3802548768745	13777.077454964547	7160.207723808313	5087.355623981329	296.6611827649245	632.6129888014173	4660.630583141	7462.465642040682
ref_mOTU_v2_4882	Firmicutes	0.32402233550763127	0.32402233550763127	0.32402233550763127	3546.832921446942	3245.0023767038315	0.32402233550763127	0.32402233550763127	0.32402233550763127	0.32402233550763127	0.32402233550763127
ref_mOTU_v2_4910	Firmicutes	98.690531057967	0.002642042764690723	61.662182618106876	846.6798082481454	25.225104550850233	79.69457809415921	0.002642042764690723	31.21939689302482	110.04400501619297	0.002642042764690723
