ID	phylum	"Predicted GTPase, probable translation factor
"	"Phenylalanyl-tRNA synthetase alpha subunit
"	"Arginyl-tRNA synthetase
"	"Seryl-tRNA synthetase
"	"Cysteinyl-tRNA synthetase
"	"Leucyl-tRNA synthetase
"	"Valyl-tRNA synthetase
"	"Metal-dependent proteases with possible chaperone activity
"	"Signal recognition particle GTPase (Ffh)
"	"Signal recognition particle GTPase (FtsY)
"
meta_mOTU_v2_5330	Firmicutes	1.3083517835	0.0001	0.0001	3.3963536360000006	1.0584925373	0.0001	0.0001	0.0001	1.0912746070000001	0.0001
meta_mOTU_v2_5351	Firmicutes	0.0001	0.0001	1.7008273185	0.0001	1.021240626	0.0001	0.0001	0.0001	0.0001	0.0001
meta_mOTU_v2_5354	Firmicutes	0.0001	1.4507203599	0.0001	0.5722704436	0.0001	0.6120242213	0.0001	0.0001	0.0001	0.0001
meta_mOTU_v2_5364	Firmicutes	64.3825857808	46.419951516800005	29.264765763000003	53.2576174386	17.4679868338	89.9734742342	58.544733562000005	16.9801660825	35.150989790000004	17.3430318053
meta_mOTU_v2_5373	Actinobacteria	1.3701303399	0.0001	0.0001	0.0001	0.0001	0.0001	0.0001	0.0001	0.0001	0.0001
meta_mOTU_v2_5396	Firmicutes	0.0001	0.0001	0.8431955938	0.0001	1.0494849412	0.6135464209	0.5517900698	0.0001	0.0001	0.0001
meta_mOTU_v2_5411	Firmicutes	0.0001	0.0001	0.0001	1.147102145	2.1033448715000005	1.2254687512	0.2796980286	0.0001	1.0985653059	0.0001
meta_mOTU_v2_5417	Firmicutes	0.0001	0.0001	0.0001	3.4411064351	0.0001	0.0001	0.0001	0.0001	1.0864676704	0.0001
meta_mOTU_v2_5423	Bacteroidetes	103.480320769	325.92310717789996	196.7946490848	90.3747236089	283.69662648319996	123.63532374690001	173.9751856293	57.854753650000006	236.6080424866	185.1275775157
meta_mOTU_v2_5437	Firmicutes	6.857057661699999	0.0001	0.0001	5.7218044358	0.0001	1.2285207282	1.128729113	0.0001	1.088865833	0.0001
meta_mOTU_v2_5477	Firmicutes	1.3550750613999998	4.3391990238	0.8638669393	2.3156442365000003	0.0001	1.1986684626000002	0.5487217156	0.0001	0.0001	0.0001
meta_mOTU_v2_5520	Bacteroidetes	0.0001	5.785565365	0.0001	0.0001	3.0197587084	1.6014341635	4.5436188	0.0001	6.6952708919	6.1845629764
meta_mOTU_v2_5540	Firmicutes	0.0001	0.0001	0.0001	1.1184921142	1.021240626	0.0001	2.1872881258000003	0.0001	1.0630545741	3.3782570025000003
meta_mOTU_v2_5603	Firmicutes	0.0001	0.0001	0.8360507159	3.4411064351	1.0191308313	0.6135464209	1.6815008717	0.0001	2.1633057999000003	3.0635218781000004
meta_mOTU_v2_5655	Bacteroidetes	0.0001	0.0001	0.0001	0.0001	0.0001	0.0001	0.0001	0.0001	1.1134429398999999	0.0001
meta_mOTU_v2_5656	Firmicutes	1.2778485035	0.0001	0.0001	1.1578721182	0.0001	0.0001	0.0001	0.0001	0.0001	1.6278588197
meta_mOTU_v2_5669	Firmicutes	0.0001	1.3663509459	1.6748399741	0.0001	0.0001	0.3068232104	0.5338780545	0.0001	0.0001	0.0001
meta_mOTU_v2_5702	Firmicutes	0.0001	0.0001	0.0001	1.1497758097	0.0001	0.0001	0.0001	0.0001	0.0001	0.0001
meta_mOTU_v2_5710	Firmicutes	5.3903833046	1.4296968763999998	2.5122099611000004	4.5988032387999995	0.0001	5.486995304400001	4.4686021279	2.8928326825000004	2.1970306119000003	0.0001
meta_mOTU_v2_5712	Firmicutes	0.0001	0.0001	0.0001	2.2834838998	3.1482548236000003	0.6127843756	0.279381383	0.0001	2.1398436979	0.0001
meta_mOTU_v2_5734	Firmicutes	0.0001	1.4507203599	0.0001	2.4417382295000003	1.0450383948	0.5824033322	0.5605669571999999	4.2155779689	5.3610882866	0.0001
meta_mOTU_v2_5735	Firmicutes	1.3513628009999998	1.2059946757	0.0001	0.0001	1.0630545741	1.1957628421	0.0001	0.0001	0.0001	0.0001
meta_mOTU_v2_5754	Firmicutes	0.0001	0.0001	0.8207504532	0.0001	0.0001	0.0001	0.0001	0.0001	0.0001	0.0001
meta_mOTU_v2_5779	Firmicutes	15.005194199	0.0001	8.9675713158	46.2368066705	7.4088477609000005	22.4234671633	4.921273283	8.8074378994	11.095118290899999	23.5611313232
meta_mOTU_v2_5791	Firmicutes	1.3188457817	0.0001	0.0001	0.0001	0.0001	0.0001	0.0001	0.0001	0.0001	0.0001
meta_mOTU_v2_5806	Firmicutes	0.0001	0.0001	0.0001	0.0001	0.0001	0.0001	0.2796980286	0.0001	0.0001	0.0001
meta_mOTU_v2_5811	Firmicutes	0.0001	0.0001	0.0001	0.0001	0.0001	0.0001	2.2267858798	0.0001	0.0001	0.0001
meta_mOTU_v2_5815	Firmicutes	19.228595998699998	4.3391990238	2.4457739952	11.6134869926	2.1168850745000003	4.6420851517	0.5468970314	4.4037689497	2.4942133874000003	3.1415708431000002
meta_mOTU_v2_5826	Firmicutes	0.0001	0.0001	0.837469987	0.0001	0.0001	0.0001	0.0001	0.0001	1.088865833	0.0001
meta_mOTU_v2_5849	Firmicutes	1.3476708261	0.0001	0.0001	0.0001	0.0001	0.0001	0.0001	0.0001	0.0001	0.0001
meta_mOTU_v2_5880	Firmicutes	0.0001	0.0001	0.4173681238	0.0001	0.0001	0.0001	0.0001	0.0001	7.1778057309	0.0001
meta_mOTU_v2_5894	Firmicutes	1.3476708261	1.3476708261	0.84608786	0.0001	0.0001	1.8313286722	0.0001	0.0001	3.2954959178	0.0001
meta_mOTU_v2_5944	Firmicutes	18.4501769631	0.0001	4.2446001925	9.0706456987	2.9300658754000004	5.1579576598	6.6353613635	2.9098989520000003	19.1332823332	15.3066458665
meta_mOTU_v2_5959	Firmicutes	0.0001	0.0001	0.0001	0.0001	0.0001	0.6075026138	0.0001	0.0001	0.0001	0.0001
meta_mOTU_v2_5975	Actinobacteria	0.0001	0.0001	0.0001	0.0001	0.0001	0.0001	0.0001	0.0001	0.0001	1.6119003999000001
meta_mOTU_v2_5978	Firmicutes	0.0001	1.4173727654	0.0001	1.139155248	0.0001	0.3068232104	0.0001	0.0001	8.5753554502	0.0001
meta_mOTU_v2_5991	Firmicutes	1.3890481124	1.3083517835	0.0001	0.0001	0.0001	0.0001	0.0001	0.0001	0.0001	0.0001
meta_mOTU_v2_6044	Firmicutes	0.0001	0.0001	0.0001	0.570945975	0.0001	0.0001	0.0001	0.0001	0.0001	0.0001
meta_mOTU_v2_6088	Firmicutes	7.0943170562999995	2.9013407198000003	10.8674593064	5.7619098407000005	1.0494849412	6.7229254598	1.6551702093	1.4052593230000001	3.2808821887	3.0695407964
meta_mOTU_v2_6154	Bacteroidetes	0.0001	1.4464663412999998	0.0001	0.0001	0.0001	0.0001	0.0001	0.0001	0.0001	0.0001
meta_mOTU_v2_6197	Firmicutes	5.72475315	4.3391990238	5.301371383799999	15.1221329971	24.5008585625	5.5104773782	9.5172233601	5.5262727996	3.3201584423000003	0.0001
meta_mOTU_v2_6233	Firmicutes	0.0001	0.0001	0.0001	1.1339182123	0.0001	0.0001	0.0001	0.0001	0.0001	0.0001
meta_mOTU_v2_6261	Firmicutes	0.0001	0.0001	0.0001	0.0001	0.0001	1.2224319018	0.0001	0.0001	0.0001	0.0001
meta_mOTU_v2_6272	Firmicutes	1.5737408944	4.2764952806	0.0001	0.0001	0.0001	0.0001	0.0001	1.454999476	0.0001	0.0001
meta_mOTU_v2_6334	Firmicutes	0.0001	0.0001	0.0001	0.0001	0.0001	0.0001	0.0001	0.0001	1.0840800492	0.0001
meta_mOTU_v2_6348	Firmicutes	2.6952416523000005	0.0001	1.6834137282	4.4611304287	2.0381616627000003	0.0001	0.5605669571999999	0.0001	1.0840800492	1.6607428362999999
meta_mOTU_v2_6414	Firmicutes	0.0001	0.0001	0.8653823198999999	0.0001	0.0001	0.6112659509	1.1121877618	0.0001	0.0001	0.0001
meta_mOTU_v2_6416	Firmicutes	0.0001	0.0001	0.0001	1.1633333075	0.0001	0.0001	0.0001	0.0001	0.0001	0.0001
meta_mOTU_v2_6438	Firmicutes	1.3550750613999998	0.0001	0.0001	0.0001	0.0001	0.0001	0.0001	0.0001	0.0001	0.0001
meta_mOTU_v2_6452	Firmicutes	36.38451230570001	46.3703576584	39.62253230380001	80.17814683850001	34.2228986948	21.266906023599997	16.0529807504	25.149665446500002	104.891110639	61.7113162841
meta_mOTU_v2_6478	Firmicutes	0.0001	0.0001	0.8417568641	2.2625354237	0.0001	0.0001	0.0001	0.0001	3.2736238210000006	1.4679896499
meta_mOTU_v2_6484	Firmicutes	5.3903833046	2.9013407198000003	9.2111698574	11.4968580971	2.1033448715000005	6.7063053721	11.146109545	4.2888906293	19.6847931321	0.0001
meta_mOTU_v2_6509	Firmicutes	32.3417998273	29.848599624499997	48.5675592483	37.429933200600004	8.413079486	17.745902417699998	5.0214781689	8.5037365925	19.6412429261	10.7220765732
meta_mOTU_v2_6525	Firmicutes	0.0001	0.0001	0.0001	1.1417919499	0.0001	0.0001	0.0001	0.0001	0.0001	0.0001
meta_mOTU_v2_6557	Firmicutes	0.0001	0.0001	0.0001	1.1313177118	2.1214373005000002	0.5817166536999999	0.0001	0.0001	1.1010172374	3.0352441376000003
meta_mOTU_v2_6602	Firmicutes	5.0328645139	6.9894526432	6.089123732899999	22.1015328419	13.6421042357	14.722814100499999	11.1967157177	1.454999476	3.3028517123000003	1.6225043499
meta_mOTU_v2_6631	Firmicutes	5.219263199599999	0.0001	6.150800714199999	7.624562280299999	17.8286830074	6.4111196621	2.6705177951000003	1.4679896499	7.7425307158	3.1516074912
meta_mOTU_v2_6632	Firmicutes	0.0001	1.4133118118999999	0.8446392506	0.0001	0.0001	1.2300524249	0.0001	0.0001	1.0936940629	0.0001
meta_mOTU_v2_6657	Firmicutes	6.7379541307	2.9013407198000003	6.110677799199999	16.8238517324	3.1821059508	5.4904214514	6.1582386448	0.0001	1.0912746070000001	1.5510777433
meta_mOTU_v2_6672	Firmicutes	0.0001	0.0001	0.0001	0.0001	0.0001	0.6127843756	0.0001	0.0001	0.0001	0.0001
meta_mOTU_v2_6676	Firmicutes	5.455344666799999	5.751830873099999	17.8289195671	6.669366162	1.021240626	8.81664972	23.5129930073	4.4037689497	21.727453408200002	16.2709757894
meta_mOTU_v2_6699	Firmicutes	0.0001	0.0001	4.1869499351999995	1.1235872947	4.0263116112	1.5586052094	0.5580309077	1.4255650935	2.1680600983000002	0.0001
meta_mOTU_v2_6700	Firmicutes	0.0001	0.0001	0.0001	0.0001	0.0001	0.0001	0.5618436472999999	0.0001	0.0001	0.0001
meta_mOTU_v2_6727	Firmicutes	2.1728353408000003	0.0001	0.0001	0.0001	0.0001	0.0001	0.0001	0.0001	0.0001	0.0001
meta_mOTU_v2_6777	Firmicutes	0.0001	1.4422371999	0.0001	0.0001	0.0001	0.0001	0.0001	0.0001	1.088865833	1.7067121881
meta_mOTU_v2_6787	Firmicutes	1.3476708261	0.0001	0.0001	1.1524619681000001	0.0001	0.0001	0.0001	0.0001	0.0001	0.0001
meta_mOTU_v2_6792	Firmicutes	2.652461626	0.0001	1.6551702093	2.2834838998	0.0001	0.6127843756	0.3041757844	0.0001	3.2097155469	0.0001
meta_mOTU_v2_6795	Firmicutes	8.0252737374	2.8843743998000004	8.489100385	5.669191061699999	22.6879228356	9.9462277346	3.9189155012000003	2.8184481278	27.937973598099997	5.1022819555
meta_mOTU_v2_6801	Firmicutes	1.3476708261	6.9194862423	0.8417568641	2.2368842284	2.0381616627000003	0.5921899428	1.1216715333	0.0001	3.2520401475000003	1.6607428362999999
meta_mOTU_v2_6808	Firmicutes	8.085524956799999	5.785565365	1.6119003999000001	21.9462534542	14.691489176900001	1.3513628009999998	1.1159618153	1.4255650935	15.1758206882	1.5809042384
meta_mOTU_v2_6819	Firmicutes	0.0001	0.0001	0.0001	0.0001	1.9834625998	0.0001	0.9559393335999999	0.0001	2.1306007446	0.0001
meta_mOTU_v2_6832	Firmicutes	7.784611083	4.2519182962999995	18.3910157493	31.2599471922	18.8890289417	12.0111726615	1.673892723	2.5293867814	52.998642096400005	6.2235816702
meta_mOTU_v2_6834	Firmicutes	0.0001	0.0001	0.0001	0.570945975	0.0001	0.0001	0.0001	0.0001	3.2808821887	0.0001
meta_mOTU_v2_6852	Firmicutes	0.0001	0.0001	0.0001	0.0001	0.0001	0.6135464209	0.0001	0.0001	0.0001	0.0001
meta_mOTU_v2_6875	Firmicutes	18.8146855944	5.8025814396	3.3439028635000003	12.6465339068	21.0774898447	17.1339781964	7.235478377999999	9.3624989322	38.3609495174	0.0001
meta_mOTU_v2_6878	Bacteroidetes	9.3818295015	0.0001	3.2991697148000005	6.9630777275	7.0030948409	10.948756839000001	9.9416415483	6.1845629764	12.2745799684	10.856944203
meta_mOTU_v2_6883	Firmicutes	0.0001	0.0001	0.0001	1.1524619681000001	1.0428292228	1.2134110021	0.5574004773	2.8346455308	1.0912746070000001	4.8041024906
meta_mOTU_v2_6905	Firmicutes	8.185481297699999	0.0001	0.0001	2.2625354237	13.7592029845	0.5817166536999999	0.5462914976	0.0001	8.6719403933	1.481213881
meta_mOTU_v2_6916	Firmicutes	5.3756958841	19.8990997497	20.8988678969	13.6665085366	15.5098774329	37.892388955	10.054229787799999	19.9566113096	42.368439146	8.913550404199999
meta_mOTU_v2_6926	Firmicutes	0.0001	0.0001	0.0001	0.0001	0.0001	0.33561763429999997	0.0001	0.0001	0.0001	0.0001
meta_mOTU_v2_6937	Firmicutes	1.3476708261	0.0001	0.837469987	0.0001	0.0001	0.0001	0.0001	0.0001	0.0001	0.0001
meta_mOTU_v2_6986	Firmicutes	2.6952416523000005	1.4173727654	0.0001	2.2941042901	4.1798535794	0.0001	1.1197615718	0.0001	6.5616643774	0.0001
meta_mOTU_v2_7014	Firmicutes	1.3476708261	0.0001	0.8262489487	1.147102145	4.1976397648	0.5858611905	0.5567714699	1.3972980804	9.7774090337	0.0001
meta_mOTU_v2_7031	Firmicutes	2.6878979421	1.4507203599	1.6748399741	0.0001	1.0494849412	0.0001	0.0001	0.0001	1.0840800492	0.0001
meta_mOTU_v2_7056	Firmicutes	4.9322092237	1.4173727654	0.837469987	1.1365306967	1.0406293721	3.1765384472000004	0.5580309077	1.4422371999	1.0936940629	4.7273612367
meta_mOTU_v2_7061	Firmicutes	0.0001	1.4052593230000001	0.0001	0.0001	0.0001	0.0001	0.0001	0.0001	0.0001	0.0001
meta_mOTU_v2_7072	Firmicutes	0.0001	0.0001	1.6949828947	1.1339182123	0.0001	0.0001	0.0001	0.0001	0.0001	0.0001
meta_mOTU_v2_7076	Firmicutes	0.0001	0.0001	0.0001	0.0001	0.0001	0.0001	0.0001	0.0001	1.0985653059	0.0001
meta_mOTU_v2_7082	Actinobacteria	0.0001	0.0001	0.8623568573	0.0001	0.0001	1.1565148238	0.0001	0.0001	0.0001	0.0001
meta_mOTU_v2_7093	Firmicutes	0.0001	0.0001	0.0001	0.0001	0.0001	0.6127843756	0.0001	0.0001	0.0001	0.0001
meta_mOTU_v2_7094	Firmicutes	0.0001	0.0001	1.9310152442	0.0001	0.0001	0.0001	0.0001	0.0001	0.0001	0.0001
meta_mOTU_v2_7104	Firmicutes	0.0001	0.0001	0.0001	0.0001	0.0001	0.0001	0.5631261671	0.0001	0.0001	0.0001
meta_mOTU_v2_7130	Firmicutes	5.3903833046	1.4422371999	3.3495799482	0.0001	1.0494849412	0.6075026138	1.6551702093	0.0001	9.8424465661	0.0001
meta_mOTU_v2_7154	Firmicutes	2.6952416523000005	13.017397071300001	1.6040379588999998	2.332066536	2.0173225864	1.0711334905	0.0001	1.4464663412999998	2.2267858798	3.0826682648000006
meta_mOTU_v2_7157	Firmicutes	0.0001	0.0001	0.0001	1.1134429398999999	0.0001	0.5837815649	1.117225532	0.0001	1.0840800492	0.0001
meta_mOTU_v2_7170	Bacteroidetes	1.3403470715999999	24.7333910921	9.880786257799999	9.3059664597	11.027173467499999	6.4123763471	7.3278051323	4.0874833345	13.360215278599998	27.917699379200002
meta_mOTU_v2_7180	Firmicutes	40.427224784100005	26.6332174729	0.0001	0.0001	13.5074207506	0.0001	18.036837202	12.9414944644	85.29400364840001	0.0001
meta_mOTU_v2_7186	Firmicutes	0.0001	0.0001	0.0001	1.1339182123	0.0001	0.0001	0.0001	0.0001	0.0001	1.6278588197
meta_mOTU_v2_7192	Firmicutes	0.0001	0.0001	0.0001	0.0001	0.0001	0.0001	0.5420900246	0.0001	0.0001	0.0001
meta_mOTU_v2_7275	Firmicutes	0.0001	0.0001	0.8808337898999999	2.2834838998	0.0001	1.2254687512	0.5657088559	1.4338526812999999	4.1798535794	0.9359841031999999
meta_mOTU_v2_7281	Firmicutes	0.0001	0.0001	0.0001	0.0001	1.0472569477	0.0001	2.2573582259000005	0.0001	2.1728353408000003	0.0001
meta_mOTU_v2_7306	Firmicutes	1.3476708261	0.0001	0.0001	1.1417919499	0.0001	0.0001	0.0001	0.0001	0.0001	0.0001
meta_mOTU_v2_7317	Firmicutes	0.0001	0.0001	0.0001	1.1134429398999999	0.0001	0.0001	0.0001	0.0001	0.0001	0.0001
meta_mOTU_v2_7320	Firmicutes	0.0001	0.0001	0.0001	0.0001	0.0001	0.0001	0.0001	0.0001	1.1010172374	0.0001
meta_mOTU_v2_7323	Firmicutes	0.0001	1.4422371999	0.0001	0.0001	0.0001	0.0001	0.5637696256	0.0001	0.0001	0.0001
meta_mOTU_v2_7329	Firmicutes	1.3403470715999999	0.0001	1.810048339	6.4613784589	0.0001	0.6127843756	0.5663582346	0.0001	0.0001	1.5413841324000002
meta_mOTU_v2_7355	Firmicutes	1.9805425586	0.0001	0.0001	0.5592960571	0.0001	0.0001	0.0001	1.454999476	0.0001	1.6891785013
meta_mOTU_v2_7356	Firmicutes	5.450068527	13.017397071300001	3.2881728158	9.2405856649	11.6386085158	1.4904888238	7.864511062799999	0.0001	2.1491671999000004	4.4864236993999995
meta_mOTU_v2_7416	Bacteroidetes	0.0001	0.0001	0.0001	0.0001	0.0001	0.5338780545	0.0001	0.0001	0.0001	0.0001
meta_mOTU_v2_7451	Firmicutes	0.0001	4.3519610797	0.8761407147	3.4491274291000003	1.0607686503	2.4600048497	2.205495912	2.9271677885000003	2.1168850745000003	1.47237141
meta_mOTU_v2_7527	Firmicutes	4.042812478399999	3.8734842071	4.891264628999999	5.735110725199999	1.0539694922	1.8226582069	5.7483281612	9.7804865625	12.1918306652	5.6047695723
meta_mOTU_v2_7531	Firmicutes	0.0001	0.0001	0.837469987	0.0001	0.0001	0.6127843756	0.0001	0.0001	0.0001	0.0001
meta_mOTU_v2_7541	Firmicutes	21.5024835364	4.3519610797	9.179998724199999	13.764125740499999	3.1282876683	14.0569168704	15.8905879561	2.8843743998000004	33.7518408242	11.173162966199998
meta_mOTU_v2_7546	Firmicutes	4.0208412149	0.0001	9.8108055082	2.2729613934	2.1078389845000003	1.8381531268	0.5650609649	0.0001	11.0092723743	5.0673355038
meta_mOTU_v2_7567	Firmicutes	0.0001	0.0001	0.0001	0.0001	0.0001	1.2269928417	0.2787502386	0.0001	0.0001	0.0001
meta_mOTU_v2_7587	Bacteroidetes	0.0001	0.0001	0.0001	0.0001	0.0001	0.52201632	0.5612045761	0.0001	1.1184921142	1.5413841324000002
meta_mOTU_v2_7588	Firmicutes	0.0001	0.0001	0.0001	0.0001	0.0001	0.0001	0.2787502386	0.0001	0.0001	0.0001
meta_mOTU_v2_7589	Firmicutes	0.0001	0.0001	0.9050741695	0.0001	0.0001	0.0001	0.0001	0.0001	0.0001	0.0001
meta_mOTU_v2_7643	Firmicutes	0.0001	0.0001	0.0001	0.0001	1.0539694922	0.0001	0.0001	0.0001	0.0001	0.0001
meta_mOTU_v2_7717	Firmicutes	1.3259358128	0.0001	0.0001	0.0001	0.0001	0.0001	0.0001	0.0001	0.0001	0.0001
meta_mOTU_v2_7737	Proteobacteria	5.3321099714999995	8.0415824299	7.6139907398	14.567511209100001	3.3937531355000004	14.9277913549	7.236829109199999	8.2431794824	14.8814640369	6.5326949982
meta_mOTU_v2_7769	Firmicutes	0.0001	0.0001	0.8593524779999999	0.0001	0.0001	0.6097550338000001	0.5644145564999999	0.0001	0.0001	0.0001
meta_mOTU_v2_7782	Firmicutes	0.0001	0.0001	0.0001	1.0817028999	0.0001	0.0001	0.0001	0.0001	0.0001	0.0001
meta_mOTU_v2_7788	Firmicutes	8.085524956799999	2.8510301871	3.3158036798000006	5.247024706	6.1746260155999995	7.1208096162	0.5592960571	2.8928326825000004	7.6552584403	4.7273612367
ref_mOTU_v2_0036	Proteobacteria	39.294376781900006	43.5528129507	40.315826231900004	51.4954399223	28.8241149435	34.381455505000005	37.30013892510001	35.020993895800004	62.4454635249	32.463509986300004
ref_mOTU_v2_0144	Firmicutes	0.0001	0.0001	0.0001	0.0001	0.0001	0.0001	0.2790654538	0.0001	0.0001	0.0001
ref_mOTU_v2_0198	Firmicutes	0.6630179064	0.0001	0.0001	0.0001	0.0001	0.0001	0.0001	0.0001	0.0001	0.0001
ref_mOTU_v2_0199	Firmicutes	0.6630179064	0.0001	0.0001	0.0001	0.0001	0.0001	0.2790654538	0.0001	0.9467620391	0.0001
ref_mOTU_v2_0255	Proteobacteria	0.0001	0.0001	0.0001	0.0001	0.0001	0.5644145564999999	0.0001	0.0001	0.0001	0.0001
ref_mOTU_v2_0261	Firmicutes	3.9776074383999998	1.3048907999	1.7490749019999998	0.0001	1.0985653059	3.5342659358	0.0001	0.0001	0.0001	0.0001
ref_mOTU_v2_0281	Firmicutes	8.0427449306	0.7232831706	0.0001	3.4491274291000003	0.0001	0.0001	0.558662766	0.0001	0.0001	0.0001
ref_mOTU_v2_0302	Bacteroidetes	0.0001	1.4507203599	0.8248674287000001	1.1605962879	2.0050224486000006	0.5225691974	0.5618436472999999	0.0001	1.1184921142	0.0001
ref_mOTU_v2_0455	Bacteroidetes	10.7220765732	34.3104250342	13.8132559806	33.6544923497	19.9681535371	13.158867938499998	9.127440422	21.0698728508	35.7937428352	15.5547573556
ref_mOTU_v2_0458	Bacteroidetes	2.6805941433000005	20.3087850386	7.4230068584	25.531018334299997	4.0099448973	8.3596071588	10.6732292995	1.4507203599	22.3679422842	6.1652365296000005
ref_mOTU_v2_0466	Firmicutes	1.3476708261	0.0001	0.837469987	3.4331226615	1.0494849412	0.6158439729999999	0.0001	0.0001	0.0001	1.5462157441
ref_mOTU_v2_0502	Firmicutes	0.0001	0.0001	0.0001	0.0001	1.0384387839	0.0001	0.5574004773	0.0001	0.0001	0.0001
ref_mOTU_v2_0561	Firmicutes	0.0001	0.0001	0.0001	0.0001	0.0001	1.1986684626000002	1.1134429398999999	1.4296968763999998	0.0001	0.0001
ref_mOTU_v2_0632	Actinobacteria	0.0001	0.0001	0.0001	0.5749379049	0.0001	0.0001	0.0001	0.0001	0.0001	0.0001
ref_mOTU_v2_0633	Actinobacteria	0.0001	0.0001	0.0001	0.5749379049	0.0001	0.0001	0.0001	0.0001	0.0001	0.0001
ref_mOTU_v2_0642	(Firmicutes/Actinobacteria)	1.3894265419	0.0001	0.8563689623999999	0.0001	0.9825918772	0.0001	0.0001	0.0001	0.0001	0.0001
ref_mOTU_v2_0692	Bacteroidetes	40.2075121494	94.85455353360001	50.266617272000005	18.5284782333	15.955941153800001	45.7501156282	47.2384491994	5.785565365	38.111853092000004	24.921880716999997
ref_mOTU_v2_0775	Bacteroidetes	40.3170691308	63.4541367957	11.624599853800001	15.0326535119	32.539299961100006	12.8903066617	18.559764925299998	15.910129753800001	11.158718153099999	45.6405137115
ref_mOTU_v2_0793	Firmicutes	0.0001	0.0001	0.0001	0.0001	0.0001	0.0001	1.1165936736	0.0001	7.5588880822	0.0001
ref_mOTU_v2_0817	Proteobacteria	0.0001	0.0001	0.0001	0.0001	0.0001	0.0001	0.2553851565	0.0001	0.0001	0.0001
ref_mOTU_v2_0818	Proteobacteria	0.0001	0.0001	0.0001	0.0001	0.0001	0.0001	0.2553851565	0.0001	0.0001	0.0001
ref_mOTU_v2_0858	Firmicutes	4.0650251843	0.0001	0.0001	0.0001	1.021240626	1.1404796603	2.2445183043	0.0001	0.54090145	0.0001
ref_mOTU_v2_0859	Firmicutes	0.0001	0.0001	0.0001	0.0001	0.0001	0.8007670818000001	0.0001	0.0001	0.0001	0.0001
ref_mOTU_v2_0885	Firmicutes	1.343998971	0.0001	3.5563774088	0.0001	0.0001	1.2346705191	0.5644145564999999	0.0001	2.1214373005000002	0.0001
ref_mOTU_v2_0886	Firmicutes	0.0001	0.0001	0.0001	0.0001	0.0001	0.0001	0.5605669571999999	0.0001	0.35827786659999994	0.0001
ref_mOTU_v2_0887	Firmicutes	1.1972138892	0.0001	0.0001	0.0001	0.0001	0.0001	0.0001	0.0001	0.0001	0.0001
ref_mOTU_v2_0897	Bacteroidetes	1.3403470715999999	0.0001	0.8248674287000001	0.0001	0.0001	0.0001	9.369965927299999	0.0001	0.0001	0.0001
ref_mOTU_v2_0898	Bacteroidetes	105.87961866020001	301.8487832889	128.381196761	285.4948755908	149.14080331510002	96.90210092950001	45.646121462	208.88943182580002	186.614309182	109.2414647309
ref_mOTU_v2_0899	Bacteroidetes	12.0623236448	72.7528725468	27.2538624062	50.506379935000005	16.0435629343	31.462192330900002	29.0776376061	23.1634847687	17.8943738274	33.9083509127
ref_mOTU_v2_0901	Bacteroidetes	4.0208412149	23.2100257584	3.2991697148000005	2.3210925758000003	2.0050224486000006	1.0428292228	5.0905797032999995	1.5608940581	3.3476854459	3.1020554866000003
ref_mOTU_v2_0979	Firmicutes	0.0001	0.0001	0.0001	0.0001	0.0001	0.0001	0.0001	0.0001	0.35827786659999994	0.0001
ref_mOTU_v2_0980	Firmicutes	0.0001	0.0001	0.0001	0.0001	0.0001	0.0001	0.0001	0.0001	0.35827786659999994	0.0001
ref_mOTU_v2_0999	Bacteroidetes	0.0001	0.0001	0.0001	0.0001	0.0001	0.0001	0.5487217156	0.0001	0.0001	0.0001
ref_mOTU_v2_1042	Firmicutes	0.0001	0.0001	0.0001	1.1551607081	0.0001	0.0001	0.5567714699	0.0001	1.0936940629	0.0001
ref_mOTU_v2_1056	Actinobacteria	0.0001	0.0001	0.0001	0.0001	0.0001	0.5028634275	0.0001	0.0001	0.0001	0.0001
ref_mOTU_v2_1072	Bacteroidetes	20.824766568399998	7.6158568895	0.0001	8.1235740154	5.2417140535	11.4822590392	4.7133784389999995	0.0001	7.232046919299999	33.9083509127
ref_mOTU_v2_1073	Bacteroidetes	0.0001	3.0222257498000005	9.034161449299999	3.4815888638000003	1.7473046844999998	0.0001	11.238379333800001	7.2532017995	17.6970105131	17.0132990642
ref_mOTU_v2_1074	Bacteroidetes	16.6010744642	97.4200348689	21.4440531464	24.3705220463	6.0148673459	23.4367330586	17.493851251	20.3087850386	44.23426344090001	65.1411652182
ref_mOTU_v2_1088	Proteobacteria	0.0001	0.0001	0.0001	0.0001	0.0001	0.0001	0.5181787	0.0001	0.0001	0.0001
ref_mOTU_v2_1149	Proteobacteria	2.6878979421	15.680216029	8.0415824299	10.027086127999999	2.0297745776	4.1249225288	3.9100393619	8.1523466507	20.2357122743	1.9117702416999998
ref_mOTU_v2_1151	Firmicutes	0.0001	0.0001	0.0001	0.0001	0.0001	0.6090023733	0.0001	0.0001	0.0001	0.0001
ref_mOTU_v2_1301	Verrucomicrobia	0.0001	1.4422371999	0.0001	0.9767552918000001	0.0001	1.1497758097	0.5536476121	0.0001	0.0001	1.7428947787
ref_mOTU_v2_1309	Firmicutes	0.0001	0.0001	0.0001	1.139155248	0.0001	0.0001	0.0001	0.0001	0.0001	0.0001
ref_mOTU_v2_1376	Firmicutes	0.0001	0.0001	1.6663531161	0.0001	0.0001	0.0001	2.7960802855000004	0.0001	1.0864676704	0.0001
ref_mOTU_v2_1379	Firmicutes	0.0001	0.0001	0.0001	2.6636378991000003	1.039424911	9.8643184473	1.0936940629	0.0001	4.364798428	4.7273612367
ref_mOTU_v2_1382	Bacteroidetes	5.3610882866	4.1907810397	7.3250146886	3.4815888638000003	0.9985026768999999	0.0001	1.6834137282	0.0001	9.8682657136	5.7689063241
ref_mOTU_v2_1383	Actinobacteria	0.0001	0.0001	1.5962518522999998	0.0001	0.0001	0.0001	0.5487217156	2.3825741446000004	0.0001	0.0001
ref_mOTU_v2_1384	Euryarchaeota	1.2424448926	0.0001	0.0001	0.0001	0.0001	0.0001	0.0001	0.0001	0.0001	0.0001
ref_mOTU_v2_1385	Euryarchaeota	0.0001	0.0001	1.7126379249	1.1578721182	0.0001	0.0001	0.0001	0.0001	0.0001	0.0001
ref_mOTU_v2_1387	Firmicutes	1.3513628009999998	1.4464663412999998	5.9017691564999994	5.5417957569	1.0428292228	2.4600048497	2.7929138299000003	2.9098989520000003	3.2449086998000003	0.0001
ref_mOTU_v2_1405	Proteobacteria	17.5665164131	0.0001	23.7284605262	35.229451597600004	13.6402988422	14.043691183599998	18.9978540467	0.0001	14.8494611035	6.2432762324999995
ref_mOTU_v2_1410	Bacteroidetes	0.0001	0.0001	0.8139794098	0.0001	0.0001	0.0001	0.0001	0.0001	0.0001	0.0001
ref_mOTU_v2_1416	Firmicutes	20.158584565399998	7.2107859995000005	8.2477742871	51.615196526700004	8.2893591994	23.8947906488	7.2614159578	9.9783556548	44.055977597	17.278189637
ref_mOTU_v2_1427	Firmicutes	72.5706444354	48.764558842700005	12.3040365285	59.644211542	14.1067683304	68.7278135297	44.1121103353	24.516432398299997	221.5949363019	54.801313596300005
ref_mOTU_v2_1475	Firmicutes	0.0001	0.0001	0.0001	0.0001	1.0517224357	0.0001	0.0001	0.0001	0.0001	0.0001
ref_mOTU_v2_1481	Bacteroidetes	4.0317969131	4.3265115997	8.3033141813	2.4160461001	4.3755261363999995	3.2201930731000004	6.756414005	0.0001	0.0001	13.1719050484
ref_mOTU_v2_1593	Bacteroidetes	0.0001	0.0001	0.0001	0.0001	2.5037087430000002	0.0001	0.0001	0.0001	0.0001	0.0001
ref_mOTU_v2_1594	Bacteroidetes	0.0001	1.4422371999	0.0001	2.3265666149000004	2.0050224486000006	0.5367821789	0.0001	0.0001	0.0001	4.371501825899999
ref_mOTU_v2_1706	Bacteroidetes	10.7220765732	28.6901471181	29.6917274334	20.8890331826	8.9857240917	14.091840639	0.0001	8.7038221594	40.262216111600004	40.07348744230001
ref_mOTU_v2_1825	Bacteroidetes	9.3346559972	18.6932253375	6.653872982999999	10.4691997672	1.0025612243000002	5.3727679996	7.8709250741	2.8843743998000004	3.3226435828	4.2945919129
ref_mOTU_v2_2090	Bacteroidetes	0.0001	1.4507203599	0.8248674287000001	0.0001	2.0009556688	1.5641938341	0.5986569446	1.5608940581	0.0001	0.0001
ref_mOTU_v2_2358	Firmicutes	2.702625602	0.72541018	1.7521814294	2.3048239363	3.1349151845	4.9137829126999995	3.9412831696	0.0001	3.2449086998000003	1.6014341635
ref_mOTU_v2_2553	Bacteroidetes	2.6952416523000005	17.356496095	6.6315073595000005	12.7956663821	4.0345451727	3.7487172167000002	5.623941760199999	1.4464663412999998	9.8935687026	10.7027042704
ref_mOTU_v2_2726	Bacteroidetes	0.0001	1.4507203599	0.0001	0.0001	1.0860996596999999	1.5641938341	1.124868352	0.0001	1.1210339145000001	1.6332487496
ref_mOTU_v2_2795	Firmicutes	1.343998971	1.4507203599	0.0001	2.2368842284	0.0001	1.2239484426	1.1184921142	1.4422371999	3.2736238210000006	0.0001
ref_mOTU_v2_2805	Firmicutes	34.3309638466	12.9793347991	24.1392817519	101.64544231440001	47.1678805174	10.6812341307	19.5056167038	13.1329352109	63.5695077717	17.729904398800002
ref_mOTU_v2_2806	Firmicutes	0.0001	0.0001	0.0001	1.1551607081	0.0001	0.0001	0.0001	0.0001	0.0001	0.0001
ref_mOTU_v2_2893	Firmicutes	2.6878979421	4.3391990238	4.9076713668	1.7206032176	0.0001	3.0446118665	2.2242755236000002	0.0001	8.7682941754	1.5510777433
ref_mOTU_v2_2968	Firmicutes	0.0001	0.0001	0.0001	0.0001	0.0001	0.0001	0.0001	1.4133118118999999	0.0001	0.0001
ref_mOTU_v2_3582	Firmicutes	0.0001	0.0001	0.0001	0.0001	0.0001	0.0001	0.5599307859	0.0001	0.0001	0.0001
ref_mOTU_v2_3597	Bacteroidetes	0.0001	1.4380327183000001	0.0001	2.3265666149000004	0.9289341287999999	0.0001	0.0001	0.0001	0.0001	0.0001
ref_mOTU_v2_3608	NA	0.0001	0.0001	0.0001	0.0001	0.0001	0.0001	0.0001	0.0001	1.0653503723	0.0001
ref_mOTU_v2_3624	Firmicutes	13.750005408399998	19.9787781665	3.3366844408	5.669191061699999	8.8735011885	4.7198217451	2.8088182367000005	7.2745973799999994	16.224143498900002	0.0001
ref_mOTU_v2_3825	Firmicutes	2.5931529533	0.0001	5.697255868899999	4.6203428324999996	6.664297471399999	4.753045276	0.5580309077	0.0001	8.6719403933	4.742512715099999
ref_mOTU_v2_4202	Firmicutes	1.3259358128	0.0001	0.8193872465	0.0001	0.0001	0.0001	0.5505586187	0.0001	0.0001	0.0001
ref_mOTU_v2_4204	Firmicutes	0.0001	0.0001	0.0001	1.1235872947	0.0001	0.0001	0.0001	0.0001	0.0001	0.0001
ref_mOTU_v2_4207	Firmicutes	0.0001	0.0001	0.0001	0.0001	0.0001	0.0001	0.0001	0.0001	4.364798428	1.5708354215
ref_mOTU_v2_4208	Firmicutes	0.0001	0.0001	0.0001	1.1313177118	0.0001	0.0001	0.0001	0.0001	0.0001	0.0001
ref_mOTU_v2_4209	Firmicutes	1.3513628009999998	0.0001	5.2845027396	3.4491274291000003	0.0001	1.8381531268	3.3937531355000004	1.4338526812999999	2.0899767897	0.0001
ref_mOTU_v2_4211	Firmicutes	7.201515853999999	1.4464663412999998	0.0001	13.837674008199999	2.2286728759	1.1619631858	0.0001	0.0001	6.2353834686	0.0001
ref_mOTU_v2_4212	Firmicutes	0.0001	0.0001	2.6235623530000005	1.1524619681000001	2.0988793834000004	0.0001	0.0001	0.0001	1.0985653059	0.0001
ref_mOTU_v2_4234	Firmicutes	0.0001	0.0001	0.0001	0.0001	0.0001	2.4785468461000004	1.1274392511	0.0001	1.0793361540000002	0.0001
ref_mOTU_v2_4266	Bacteroidetes	12.095190739200001	108.1603899927	4.9820285088	22.7823197864	28.1261811125	19.320658438699997	15.187682707799999	13.418551972	28.8818206791	28.269950682399998
ref_mOTU_v2_4268	Firmicutes	0.0001	0.0001	0.0001	1.128729113	0.0001	1.8335978527	0.0001	0.0001	0.0001	0.0001
ref_mOTU_v2_4289	Synergistetes	0.0001	1.3625611115	0.0001	0.0001	0.0001	0.0001	0.0001	0.0001	0.0001	0.0001
ref_mOTU_v2_4313	Firmicutes	0.0001	0.0001	0.8234905215	0.0001	2.1033448715000005	1.2194100677	0.0001	0.0001	0.0001	1.5462157441
ref_mOTU_v2_4321	Bacteroidetes	1.3403470715999999	1.3701303399	0.0001	0.0001	0.0001	0.0001	0.0001	0.0001	0.0001	0.0001
ref_mOTU_v2_4389	Firmicutes	0.0001	139.2192799061	87.9239486392	125.02333380920001	88.6320839348	135.7896049556	76.55120488140001	0.0001	6.590891835599999	0.0001
ref_mOTU_v2_4394	Firmicutes	0.0001	0.0001	0.8276351045999999	0.0001	2.0988698824000003	0.8663955311	0.5599307859	0.0001	2.1444953146000003	0.0001
ref_mOTU_v2_4448	Bacteroidetes	0.0001	0.0001	0.0001	1.1444408872	0.0001	0.0001	0.0001	0.0001	0.0001	0.0001
ref_mOTU_v2_4459	Firmicutes	0.0001	0.0001	0.0001	0.0001	0.0001	0.0001	0.0001	0.0001	0.0001	1.5223559331999998
ref_mOTU_v2_4486	Proteobacteria	0.0001	0.0001	0.0001	0.0001	0.0001	0.0001	0.5023514484	0.0001	0.0001	0.0001
ref_mOTU_v2_4572	Firmicutes	40.3170691308	46.283822920000006	113.0569330789	91.3337463522	79.7842197946	122.9448058777	101.42751209270001	72.1069599951	377.8018440644	57.749480150500005
ref_mOTU_v2_4632	Firmicutes	1.343998971	0.0001	0.8276351045999999	0.0001	1.0406293721	0.6120242213	1.6557990384999999	0.0001	0.0001	0.0001
ref_mOTU_v2_4718	Firmicutes	0.0001	0.0001	0.0001	0.0001	0.0001	0.6082515689	0.0001	1.4380327183000001	1.0912746070000001	0.0001
ref_mOTU_v2_4720	Firmicutes	21.620304816100003	15.4568525528	7.6665910211999995	30.0316784111	18.929303843499998	36.8068852512	11.884700539	8.7813033656	48.303697185100006	24.2563748705
ref_mOTU_v2_4738	Firmicutes	0.0001	0.0001	1.6720014318	0.0001	1.0584925373	1.2300524249	0.0001	0.0001	0.0001	0.0001
ref_mOTU_v2_4846	Bacteroidetes	2.6878979421	5.8025814396	1.6523978974	11.5941917196	4.0018113376999995	0.0001	4.4484510473	0.0001	0.0001	1.5559704176
ref_mOTU_v2_4873	Bacteroidetes	1.343998971	7.2107859995000005	4.1517070905999995	8.1427331523	16.130104990299998	2.6266589685	3.4547874438000004	0.0001	4.4434416429	10.7223736656
ref_mOTU_v2_4874	Firmicutes	0.0001	0.0001	0.0001	0.0001	2.0767775679000002	0.6166136529999999	0.5468970314	0.0001	1.1010172374	0.0001
ref_mOTU_v2_4875	Firmicutes	1.9572861999000002	5.6801032922	5.5768273617999995	8.5218650574	5.2200919938	6.782556082699999	2.3170492869	5.8716585996	4.5907724792	7.853777107699999
ref_mOTU_v2_4879	Bacteroidetes	1.3476708261	2.8676053626	0.8046855177	0.0001	1.0087112932	0.0001	0.5561438809	0.0001	0.0001	0.0001
ref_mOTU_v2_4880	Bacteroidetes	14.7428177881	15.956923958900001	26.392657718600002	19.775066227	19.3361417681	5.8716585996	6.7641355067	14.438438319000001	19.0127659416	7.1877739989
ref_mOTU_v2_4882	Firmicutes	0.0001	0.0001	0.0001	0.0001	0.0001	0.6127843756	0.5599307859	0.0001	1.0746335998999998	0.0001
ref_mOTU_v2_4910	Firmicutes	2.6096815998	0.0001	0.0001	2.962327762	0.0001	2.7079246718000003	0.0001	0.0001	1.0912746070000001	0.0001
ref_mOTU_v2_5068	Firmicutes	1.3367149658	4.3391990238	0.0001	1.1551607081	0.0001	0.0001	0.0001	0.0001	0.0001	0.0001
ref_mOTU_v2_5296	Bacteroidetes	0.0001	36.2656089975	0.0001	0.0001	0.0001	0.0001	0.0001	0.0001	0.0001	0.0001
