ID	phylum	"Predicted GTPase, probable translation factor
"	"Phenylalanyl-tRNA synthetase alpha subunit
"	"Arginyl-tRNA synthetase
"	"Seryl-tRNA synthetase
"	"Cysteinyl-tRNA synthetase
"	"Leucyl-tRNA synthetase
"	"Valyl-tRNA synthetase
"	"Metal-dependent proteases with possible chaperone activity
"	"Signal recognition particle GTPase (Ffh)
"	"Signal recognition particle GTPase (FtsY)
"
meta_mOTU_v2_5331	Firmicutes	2.7583454799000005	5.9222152951	2.6131924200000003	7.0240041872	4.3024914537	7.4853014882	4.6024296007	7.211844986799999	6.6380753857000006	3.1961622227
meta_mOTU_v2_5339	Firmicutes	0.0001	0.0001	0.0001	1.1707506979	0.0001	0.0001	0.0001	0.0001	0.0001	0.0001
meta_mOTU_v2_5354	Firmicutes	1.3717070847	69.5849547169	70.2194670699	102.77834224360001	100.3720145135	77.7007122191	90.6697486196	82.18455715580001	77.7850580697	70.5673616934
meta_mOTU_v2_5357	Firmicutes	2.7583454799000005	5.5317461547	1.7819753985	1.1817427232	3.2131625537	1.8760495655	1.7240034249	0.0001	1.14936895	0.0001
meta_mOTU_v2_5362	Firmicutes	2.7064430112	1.314407572	1.7240034249	3.5120520936000004	0.0001	1.2384266915	0.5760494279999999	0.0001	2.2881900004	1.4982541669
meta_mOTU_v2_5364	Firmicutes	0.0001	0.0001	0.0001	0.0001	0.0001	0.6309017545	0.0001	0.0001	0.0001	0.0001
meta_mOTU_v2_5386	Proteobacteria	183.17064719869998	214.75724296869998	236.9357645202	211.8878763125	227.7195333693	221.1729773459	206.8372028704	176.67379027860002	214.92888268599998	239.3118082345
meta_mOTU_v2_5396	Firmicutes	6.8768732251	1.3213068244	11.1863177795	4.6610240748	7.4972459586	2.5044771148000002	5.0720956007	1.4849961654	5.6181781259	10.001023180399999
meta_mOTU_v2_5411	Firmicutes	0.0001	0.0001	0.0001	0.0001	0.0001	10.6304808712	0.0001	0.0001	0.0001	0.0001
meta_mOTU_v2_5417	Firmicutes	0.0001	0.0001	0.0001	1.1707506979	0.0001	0.0001	0.0001	0.0001	1.1088660795	0.0001
meta_mOTU_v2_5423	Bacteroidetes	1.3717070847	0.0001	0.0001	0.0001	0.0001	0.0001	0.0001	0.0001	0.0001	0.0001
meta_mOTU_v2_5437	Firmicutes	9.5752592406	10.765495633299999	8.8937360438	10.5115111386	6.5987116115	6.8957136997	8.1198292476	8.8832729426	14.4458779272	4.675454180299999
meta_mOTU_v2_5517	Firmicutes	6.6762246695	4.390040117	3.4186385404000004	4.628879770799999	0.0001	0.0001	0.0001	1.4938086056	0.0001	3.5079731713
meta_mOTU_v2_5520	Bacteroidetes	4.1149212541	0.0001	2.53389094	5.9222152951	1.0274057144	2.1792333337	3.4518472005000005	4.402838776199999	3.4167049779000003	0.0001
meta_mOTU_v2_5655	Bacteroidetes	0.0001	0.0001	0.0001	0.0001	0.0001	0.0001	0.574734475	0.0001	0.0001	0.0001
meta_mOTU_v2_5656	Firmicutes	0.0001	1.2712611112999999	0.0001	0.0001	0.0001	0.0001	1.14936895	0.0001	0.0001	0.0001
meta_mOTU_v2_5669	Firmicutes	0.0001	0.0001	6.507030550599999	0.0001	0.0001	0.0001	4.9176775563	0.0001	0.0001	0.0001
meta_mOTU_v2_5681	Firmicutes	8.2975692321	2.9438415209	5.308147101	7.040376924199999	12.93491285	8.1902594506	13.0675214468	4.5624546835	15.6260804903	4.9840584166
meta_mOTU_v2_5712	Firmicutes	1.375454645	0.0001	4.2230849	2.3305620374000005	2.1421417025	3.1266826092000004	2.2804161952000004	4.3773156529	2.183960304	3.2372691323000002
meta_mOTU_v2_5729	Firmicutes	1.3424461335	0.0001	0.0001	0.0001	0.0001	0.6246406949	0.0001	0.0001	0.0001	0.0001
meta_mOTU_v2_5735	Firmicutes	2.7583454799000005	0.0001	0.0001	0.0001	4.339581035199999	0.0001	6.5445827746	8.7545313057	0.0001	8.5609809537
meta_mOTU_v2_5741	Firmicutes	6.5195401109	0.0001	18.3582233743	17.703785843	12.907274360999999	8.1695283459	0.0001	12.393099688800001	8.190131321199999	0.0001
meta_mOTU_v2_5779	Firmicutes	0.0001	1.4893893493	0.0001	0.0001	0.0001	0.0001	0.0001	0.0001	1.3008229976	0.0001
meta_mOTU_v2_5805	Firmicutes	55.8948461891	46.5554572328	46.647766234900004	70.5889915054	58.5595458084	50.5417924103	52.2498356062	26.8868549004	42.49320000670001	41.65911793760001
meta_mOTU_v2_5806	Firmicutes	6.8768732251	10.2432936063	16.2381580671	0.0001	10.7331447778	0.0001	14.445884688699998	14.7619709701	6.726778842899999	9.5579443053
meta_mOTU_v2_5826	Firmicutes	1.3717070847	1.4806288238	0.8547346351	0.0001	1.0873133911	1.2323638925	0.0001	1.4676795921	0.0001	0.0001
meta_mOTU_v2_5907	Firmicutes	0.0001	5.904848388	0.0001	3.5039037129000006	2.1467089556000003	1.2130633737	2.1285558143000003	2.9352591841000004	1.118721778	0.0001
meta_mOTU_v2_5934	Firmicutes	0.0001	0.0001	0.0001	0.0001	0.0001	0.0001	0.0001	1.4806288238	0.0001	0.0001
meta_mOTU_v2_5954	Firmicutes	0.0001	8.615402201799998	4.4469180219	4.2213142563999995	0.0001	6.545227424199999	0.0001	0.0001	4.5147170411	0.0001
meta_mOTU_v2_5978	Firmicutes	4.126163935099999	10.109118320599999	0.0001	9.300419632	6.3989957636999995	4.3827599509	0.0001	7.2743745676	6.565923479299999	4.339164644899999
meta_mOTU_v2_5983	Firmicutes	0.0001	1.4806288238	0.0001	0.5520515352	0.0001	0.6162319462	1.1428464247	1.4938086056	3.3559653339	0.0001
meta_mOTU_v2_5989	Bacteroidetes	0.0001	0.0001	0.0001	0.0001	0.0001	0.0001	0.0001	0.0001	0.0001	1.5731618752
meta_mOTU_v2_6009	Firmicutes	5.5165909598	1.4719707605	6.919409966699999	12.7292443698	6.4262251074	1.783027273	5.189582475	6.0286005998	5.5196153517	8.417822409400001
meta_mOTU_v2_6028	Firmicutes	4.148834616	11.8095967761	8.8624204239	5.936182548099999	7.5132313445	10.277430389500001	4.415712281399999	8.7040734884	11.2613930667	11.745628668499998
meta_mOTU_v2_6088	Firmicutes	74.22558877920001	66.6238970693	54.8218452665	73.9610148806	54.6221634129	60.823667665500004	54.28682734600001	63.14329017840001	45.761900007200005	65.32936576910001
meta_mOTU_v2_6105	Firmicutes	0.0001	0.0001	0.0001	0.0001	0.0001	0.0001	0.0001	1.4220768363999998	0.0001	0.0001
meta_mOTU_v2_6108	Firmicutes	8.252227870199999	7.3594538023	0.0001	10.4871791683	5.178904527599999	0.0001	0.0001	7.402744118799999	6.75687584	6.9672944648
meta_mOTU_v2_6134	Firmicutes	0.0001	0.0001	0.0001	0.0001	0.0001	0.6185027028	0.0001	0.0001	0.0001	0.0001
meta_mOTU_v2_6201	Firmicutes	2.7659230774	1.476287097	3.5264033281000002	3.5450281696	5.4011708163	0.6117400973	0.5600330367999999	1.4849961654	0.0001	3.3559653339
meta_mOTU_v2_6276	Verrucomicrobia	0.0001	0.0001	0.0001	0.0001	0.0001	0.0001	0.0001	0.0001	0.0001	1.7788272088
meta_mOTU_v2_6326	Bacteroidetes	5.4716195661	1.4806288238	1.6836444819	1.184523059	2.9728153548000003	2.1285558143000003	0.0001	0.0001	0.0001	1.5830553462
meta_mOTU_v2_6340	Firmicutes	0.0001	0.0001	0.0001	0.0001	0.0001	0.0001	0.0001	0.0001	1.0620827006	0.0001
meta_mOTU_v2_6371	Firmicutes	4.1374682198	0.0001	1.1088660795	10.634884508699999	9.722027469299999	0.0001	2.8440536728	0.0001	0.0001	12.192690313299998
meta_mOTU_v2_6381	Firmicutes	0.0001	0.0001	0.8362790698999999	0.0001	1.0734044778	0.620790259	0.0001	0.0001	1.1113136867	1.5633913046
meta_mOTU_v2_6407	Firmicutes	27.5825547989	37.0475593898	41.176218541100006	42.241761545100005	29.2638981723	45.1350260345	34.080197452700006	36.8621130582	28.2252404766	41.310904261800005
meta_mOTU_v2_6419	Firmicutes	12.3782918052	19.204928665	6.907541510499999	18.5578806481	8.3376536245	8.9890250014	11.5059240018	10.456060239	10.9431391322	19.0938165547
meta_mOTU_v2_6424	Candidatus Saccharibacteria	1.3983772224000002	0.0001	0.0001	0.0001	0.0001	0.0001	0.0001	0.0001	0.0001	0.0001
meta_mOTU_v2_6438	Firmicutes	1.4752056412999999	0.0001	0.0001	0.5786974713999999	1.0422942031	0.0001	0.0001	0.0001	0.0001	0.0001
meta_mOTU_v2_6507	Firmicutes	0.0001	0.0001	0.0001	0.5786974713999999	0.0001	0.0001	0.0001	0.0001	0.0001	0.0001
meta_mOTU_v2_6509	Firmicutes	48.137512575900004	49.32261643430001	45.295735660800005	47.6106187169	45.078888066800005	49.3388148961	37.0133205941	31.8229609246	34.523935846200004	37.519091310300006
meta_mOTU_v2_6543	Proteobacteria	0.0001	0.0001	0.0001	0.0001	0.0001	0.0001	0.0001	0.7338897959999999	0.5425351293999999	0.0001
meta_mOTU_v2_6548	Firmicutes	8.0541768013	1.4806288238	4.4390753093	1.1707506979	1.0711208512000001	3.7566656722000005	4.0088128562	4.3480378273	5.643371301299999	5.6560528099
meta_mOTU_v2_6557	Firmicutes	64.09089682710001	19.1905322611	38.516135407300006	41.56356973130001	43.301588178900005	47.6274374866	36.7992325573	26.966875004299997	29.2141062546	30.9773184664
meta_mOTU_v2_6561	Firmicutes	0.0001	0.0001	0.0001	0.0001	0.0001	1.2029191161	0.0001	0.0001	0.0001	0.0001
meta_mOTU_v2_6602	Firmicutes	2.5683642861000004	7.2681505894	2.6634851856000004	9.497832077	7.4972459586	8.7654199019	5.7138321235	8.9539349616	4.4945625007	1.6559546055
meta_mOTU_v2_6629	Firmicutes	0.0001	0.0001	0.8547346351	2.3305620374000005	0.0001	0.0001	0.0001	1.4806288238	0.0001	0.0001
meta_mOTU_v2_6631	Firmicutes	0.0001	0.0001	0.0001	0.0001	0.0001	0.5847455285000001	0.0001	0.0001	0.0001	0.0001
meta_mOTU_v2_6632	Firmicutes	16.5043557403	15.865938970999999	14.7235122144	16.38920977	4.311704283299999	2.2231883198	2.2855928494000004	14.7188076047	8.9292317087	17.5228145597
meta_mOTU_v2_6652	Firmicutes	5.5165909598	3.9136455788	4.4626868801	7.0733524601	1.0620827006	5.0026321747	1.7240034249	3.0325084342000004	3.4089925513000003	3.7854595276
meta_mOTU_v2_6657	Firmicutes	1.4518632364	1.9386632187000001	2.6729130978000004	5.1779881272	4.3302488179	1.2414805181	2.8569660617000006	1.4634133722999998	2.7842803102	1.5830553462
meta_mOTU_v2_6672	Firmicutes	1.375454645	1.4806288238	0.0001	0.5644271301	0.0001	0.0001	0.5714732122999999	0.0001	1.0967880176	0.0001
meta_mOTU_v2_6676	Firmicutes	0.0001	1.4676795921	0.0001	0.0001	0.0001	0.0001	0.0001	0.0001	0.0001	0.0001
meta_mOTU_v2_6686	Firmicutes	0.0001	0.0001	0.0001	0.0001	0.0001	1.6340419228999998	0.0001	0.0001	0.0001	0.0001
meta_mOTU_v2_6699	Firmicutes	4.126163935099999	2.9267267446	3.4186385404000004	2.2934020505	1.0274057144	0.622324722	1.9172712449	2.909809827	2.2127584619	4.7790221527
meta_mOTU_v2_6721	Firmicutes	24.787217792499998	11.8443305901	14.2625276689	17.4785652805	18.0919744215	18.0893369297	17.0831248896	15.7700487329	5.5684606203	18.8180364516
meta_mOTU_v2_6727	Firmicutes	31.0455502252	54.7796664792	37.485829793200004	62.3345144958	61.3091782148	53.844207968700005	36.8327682985	26.2633939172	38.3934745823	48.871925250400004
meta_mOTU_v2_6741	Firmicutes	0.0001	0.0001	0.8591098976999999	0.5854253489	0.0001	0.0001	0.5714732122999999	0.0001	1.1162414636	0.0001
meta_mOTU_v2_6751	Firmicutes	0.0001	0.0001	0.8547346351	0.0001	1.0734044778	0.0001	0.5669691442	0.0001	0.0001	0.0001
meta_mOTU_v2_6777	Firmicutes	1.3792227399	0.0001	0.8635301888	0.0001	1.0643279071	0.620790259	0.0001	0.0001	1.1113136867	0.0001
meta_mOTU_v2_6787	Firmicutes	9.6275825152	8.729229481099999	6.8371770809	16.4657943951	17.9402249445	8.1292147839	6.775984369	16.1434755128	4.484552561999999	7.990255556799999
meta_mOTU_v2_6790	Firmicutes	1.3792227399	0.0001	0.0001	0.0001	0.0001	0.0001	0.0001	0.0001	0.0001	0.0001
meta_mOTU_v2_6808	Firmicutes	5.5015185801	1.476287097	1.6724581397999998	0.0001	0.0001	0.0001	0.5695341629999999	4.364664740599999	4.425416923799999	0.0001
meta_mOTU_v2_6832	Firmicutes	2.7508092901000003	4.339581035199999	4.2660305091	5.908313616	3.2131625537	5.193517116	2.8472708149000003	3.8722523083000002	2.2079061407	3.1759977923000005
meta_mOTU_v2_6834	Firmicutes	0.0001	0.0001	0.0001	1.1653310187	0.0001	0.0001	0.0001	0.0001	0.0001	0.0001
meta_mOTU_v2_6865	Proteobacteria	0.0001	1.5254933336	0.8709993081	0.0001	0.0001	0.0001	0.0001	0.7338897959999999	0.5425351293999999	0.0001
meta_mOTU_v2_6875	Firmicutes	0.0001	7.402744118799999	3.4128444073000006	1.1734794873999999	3.2268935903	4.9964255591	1.1402580976	4.402838776199999	1.118721778	2.5424222226
meta_mOTU_v2_6883	Firmicutes	30.662043374099998	35.1837239989	48.4832885366	50.5733042136	46.3303705174	52.211974098000006	37.5402884805	39.1308985519	38.9786243424	29.4184000046
meta_mOTU_v2_6891	Firmicutes	2.7583454799000005	0.0001	0.8755431306	0.0001	5.3666223889	0.0001	0.0001	2.9698923309	0.0001	0.0001
meta_mOTU_v2_6905	Firmicutes	0.0001	0.0001	0.8591098976999999	0.0001	47.529523183500004	0.0001	0.0001	0.0001	0.0001	0.0001
meta_mOTU_v2_6916	Firmicutes	5.4865283386999995	1.4507622481	6.8255888146000006	10.3366965875	4.2213142563999995	4.3664675348	8.0831967932	4.364664740599999	9.978994715199999	6.1023540096
meta_mOTU_v2_6922	Firmicutes	1.375454645	0.0001	0.8878950619	0.0001	0.0001	0.0001	0.0001	0.0001	0.0001	0.0001
meta_mOTU_v2_6937	Firmicutes	199.4265235288	158.6584897099	188.3363230094	333.6355488899	157.4947116152	136.0388954417	195.32895958970002	194.2870403816	166.6747449152	179.5495828309
meta_mOTU_v2_6975	Firmicutes	0.0001	1.9568727894	7.1402390082	7.0733524601	1.0643279071	0.0001	0.0001	1.5027262688999998	0.0001	0.0001
meta_mOTU_v2_7010	Firmicutes	0.0001	0.0001	0.0001	0.0001	0.0001	0.0001	0.0001	0.0001	0.0001	1.5301297875
meta_mOTU_v2_7014	Firmicutes	0.0001	0.0001	0.0001	1.1707506979	0.0001	0.0001	0.0001	0.0001	1.1088660795	0.0001
meta_mOTU_v2_7018	Firmicutes	0.0001	0.0001	0.0001	0.0001	0.0001	0.6285392011	0.0001	0.0001	0.0001	0.0001
meta_mOTU_v2_7031	Firmicutes	4.1149212541	2.9611576475000003	4.2732731755	0.0001	4.2841834049	0.0001	0.0001	5.8704183683	3.3190876927999997	12.8660373822
meta_mOTU_v2_7067	Firmicutes	0.0001	0.0001	0.0001	0.0001	0.0001	0.0001	0.0001	0.0001	0.0001	11.116859108699998
meta_mOTU_v2_7076	Firmicutes	0.0001	1.4719707605	0.8518424705	1.1653310187	0.0001	0.622324722	0.0001	0.0001	0.0001	0.0001
meta_mOTU_v2_7093	Firmicutes	78.7020376928	43.0008833999	37.552411906500005	82.6152794328	69.3732603976	38.7697243539	58.706151415200004	46.305066772900005	48.33515559720001	47.550634860900004
meta_mOTU_v2_7097	Firmicutes	0.0001	5.7908563528	5.317492254399999	4.737792236	6.453687180499999	6.0942864415999995	1.7103371464	1.5072251499	3.2830117396	1.5930740509
meta_mOTU_v2_7104	Firmicutes	4.1374682198	7.402744118799999	7.127601594	12.9374313105	0.0001	0.0001	5.1718102748	1.4893893493	3.3485243908	7.720649081
meta_mOTU_v2_7115	Firmicutes	0.0001	11.7407367365	8.032756384199999	0.0001	7.433978904099999	9.379847827599999	3.2104303576	0.0001	0.0001	2.5815348722
meta_mOTU_v2_7130	Firmicutes	24.756483610500002	8.831324562799999	11.9649848915	20.4525377823	15.7453375716	13.7812397723	12.950587026700001	14.805388237599999	6.6969487815	16.031303824200002
meta_mOTU_v2_7180	Firmicutes	0.0001	0.0001	0.0001	0.0001	0.0001	0.0001	0.2775971335	0.0001	0.0001	0.0001
meta_mOTU_v2_7263	Firmicutes	2.7508092901000003	0.0001	5.067681879999999	4.6827027914	1.0711208512000001	3.1266826092000004	2.2810887813000003	1.4591718843	1.0991825329	3.2268935903
meta_mOTU_v2_7275	Firmicutes	0.0001	0.0001	0.0001	1.1653310187	0.0001	0.0001	0.0001	0.0001	0.0001	0.0001
meta_mOTU_v2_7281	Firmicutes	1.6134967950999999	0.0001	1.7978850003	1.1873165096	0.0001	0.0001	0.5760494279999999	0.0001	0.0001	0.0001
meta_mOTU_v2_7306	Firmicutes	0.0001	0.0001	0.0001	0.0001	0.0001	0.6246406949	0.0001	0.0001	0.0001	1.568261371
meta_mOTU_v2_7331	Firmicutes	1.375454645	1.4806288238	0.0001	1.131290562	0.0001	0.0001	1.7007074327	0.0001	1.1162414636	0.0001
meta_mOTU_v2_7337	Firmicutes	0.0001	0.0001	0.0001	0.0001	0.0001	1.8690844062	0.0001	0.0001	0.0001	0.0001
meta_mOTU_v2_7355	Firmicutes	0.0001	1.4549549135	0.0001	0.0001	0.0001	0.0001	0.0001	0.0001	0.0001	0.0001
meta_mOTU_v2_7356	Firmicutes	0.0001	0.0001	0.8390663334999999	0.0001	0.0001	0.0001	0.0001	0.0001	0.0001	0.0001
meta_mOTU_v2_7416	Bacteroidetes	10.9431391322	19.2469747089	16.9204294144	15.4339146251	30.3851985963	17.9779500028	12.656506402	14.8490616543	6.8025297308	11.4989607501
meta_mOTU_v2_7434	Proteobacteria	38.6155367184	32.667815639400004	41.515959800400005	24.3571871006	40.05397656550001	21.2131439669	31.1992758329	26.2633939172	0.0001	31.8595810177
meta_mOTU_v2_7449	Firmicutes	187.56079263240002	182.6960581429	201.6997780975	209.39892527919997	227.925288448	162.1585181848	201.35696946439998	190.2746234007	182.05031092200002	162.2738513414
meta_mOTU_v2_7491	Firmicutes	0.0001	0.0001	2.5903905664	0.0001	0.0001	0.0001	0.0001	1.5027262688999998	0.0001	0.0001
meta_mOTU_v2_7492	Firmicutes	0.0001	0.0001	0.0001	2.2675765769000003	0.0001	0.0001	0.5581707318	0.0001	0.0001	0.0001
meta_mOTU_v2_7527	Firmicutes	2.7508092901000003	6.6027852637999995	9.680480770800001	8.194654885	7.5292850439	6.8026189873	5.966304377799999	0.0001	7.918433933799999	5.7203250009
meta_mOTU_v2_7593	Firmicutes	2.7210718923000003	2.7508092901000003	2.7458080004000003	4.6827027914	1.0826372045000001	1.8667741659000001	0.5760494279999999	1.4719707605	1.1162414636	1.6559546055
meta_mOTU_v2_7620	Firmicutes	0.0001	0.0001	0.0001	0.0001	0.0001	0.0001	1.1402580976	0.0001	0.0001	0.0001
meta_mOTU_v2_7643	Firmicutes	0.0001	0.0001	0.0001	0.0001	1.0756978634	2.5013660874	0.0001	0.0001	0.0001	0.0001
meta_mOTU_v2_7687	Firmicutes	5.4829828032000005	11.8443305901	2.5510111491000003	9.4090682258	2.1375938432000003	10.005164349400001	4.9315157929	14.805388237599999	14.542183113399998	9.8702921584
meta_mOTU_v2_7752	Firmicutes	0.0001	0.0001	0.0001	0.0001	0.0001	0.0001	0.0001	2.9964083338000003	0.0001	0.0001
meta_mOTU_v2_7769	Firmicutes	5.5015185801	4.428661291	7.8928146354	11.733894873599999	4.3678206081	8.7112461077	6.9114931361	8.5561305963	6.8643700011	11.7849113731
ref_mOTU_v2_0032	Firmicutes	0.0001	0.0001	0.0001	0.0001	0.0001	0.0001	0.0001	1.4938086056	0.0001	0.0001
ref_mOTU_v2_0036	Proteobacteria	0.0001	0.0001	0.0001	1.168034571	1.0896666668000001	1.133746331	1.0576205884	0.0001	0.0001	0.0001
ref_mOTU_v2_0138	Firmicutes	0.0001	0.0001	0.0001	1.0896666668000001	0.0001	0.0001	0.5773704129	1.5072251499	0.0001	0.0001
ref_mOTU_v2_0146	Firmicutes	0.4511571685	0.0001	0.0001	0.0001	0.0001	0.0001	0.0001	0.0001	0.0001	0.0001
ref_mOTU_v2_0160	Proteobacteria	0.0001	1.5347945124	0.0001	0.0001	0.0001	1.1693910571	1.0576205884	0.0001	0.0001	0.0001
ref_mOTU_v2_0181	Firmicutes	0.0001	0.0001	0.0001	0.0001	0.0001	0.0001	0.5721225001	0.0001	0.0001	0.0001
ref_mOTU_v2_0198	Firmicutes	0.0001	0.0001	0.0001	1.1262293067	0.0001	0.0001	0.0001	0.0001	0.0001	0.0001
ref_mOTU_v2_0199	Firmicutes	0.0001	0.0001	0.0001	0.0001	0.0001	0.3018864509	0.0001	0.0001	0.0001	0.0001
ref_mOTU_v2_0219	Firmicutes	13.5318150559	16.8556226386	16.9579301445	21.1413458258	10.430645048799999	19.918005758499998	10.1590074842	11.9144147948	14.492800578099999	21.6975051758
ref_mOTU_v2_0275	Bacteroidetes	0.0001	0.0001	0.0001	0.0001	1.023229675	0.0001	0.0001	0.0001	0.0001	0.0001
ref_mOTU_v2_0279	Firmicutes	0.0001	0.0001	0.0001	1.1817427232	0.0001	0.0001	0.0001	0.0001	0.0001	0.0001
ref_mOTU_v2_0280	Firmicutes	0.0001	0.0001	2.5683642861000004	0.0001	2.1467089556000003	0.620790259	2.2804161952000004	0.0001	1.1162414636	0.0001
ref_mOTU_v2_0281	Firmicutes	1.375454645	0.0001	0.0001	0.0001	0.0001	0.0001	0.0001	0.0001	0.0001	0.0001
ref_mOTU_v2_0356	Firmicutes	0.4511571685	0.0001	0.0001	0.0001	0.0001	0.0001	0.0001	0.0001	0.9607484734	0.0001
ref_mOTU_v2_0358	Proteobacteria	0.0001	0.0001	0.0001	1.1707506979	0.0001	0.0001	0.0001	0.0001	0.0001	0.0001
ref_mOTU_v2_0375	Actinobacteria	0.0001	0.0001	0.8989925001000001	0.0001	0.0001	1.7175336407	0.0001	0.0001	0.0001	0.0001
ref_mOTU_v2_0376	Actinobacteria	0.0001	0.0001	0.8989925001000001	0.0001	0.0001	0.8588168203	0.0001	0.0001	0.0001	0.0001
ref_mOTU_v2_0455	Bacteroidetes	50.61165598630001	39.3950408758	68.00198403050001	51.005036682000004	72.3482089183	49.8866518182	6.8318305583	55.55644617600001	0.0001	76.80059386270001
ref_mOTU_v2_0466	Firmicutes	45.38680328590001	33.853127490700004	45.070685306600005	65.2667318972	42.8409340493	33.558753338600006	35.595456246400005	48.857551184200005	23.387214605500002	36.4233666869
ref_mOTU_v2_0642	(Firmicutes/Actinobacteria)	1.4180712678	2.7137377363	1.7479465281	5.853353489299999	4.7167990072	3.5120520936000004	2.8154232667000003	2.2574085205000003	4.2570116286	0.0001
ref_mOTU_v2_0643	Firmicutes	0.0001	0.0001	0.0001	0.0001	1.1287542603	0.0001	0.0001	1.4634133722999998	1.0688469216	0.0001
ref_mOTU_v2_0650	Firmicutes	0.6766857528	0.0001	0.0001	0.0001	0.0001	0.0001	0.5695341629999999	0.0001	0.0001	0.0001
ref_mOTU_v2_0656	Firmicutes	0.0001	0.0001	0.0001	0.0001	0.0001	0.3018864509	0.0001	0.0001	0.0001	0.0001
ref_mOTU_v2_0692	Bacteroidetes	0.0001	0.0001	0.0001	1.3819269022	0.0001	0.0001	0.0001	0.0001	0.0001	0.0001
ref_mOTU_v2_0741	Actinobacteria	0.0001	0.0001	0.0001	0.0001	0.0001	0.0001	0.5581707318	0.0001	0.0001	0.0001
ref_mOTU_v2_0775	Bacteroidetes	56.235990472100006	38.268739772100005	35.592611116700006	61.81042445960001	37.9181049999	31.3701035575	44.723193812	39.8571516192	33.027281453200004	45.078888066800005
ref_mOTU_v2_0858	Firmicutes	20.6515789776	18.6815365752	19.0282024085	30.8268039575	20.843984061300002	21.58232142	15.443060935799998	20.974258336600002	20.974258336600002	15.5685474251
ref_mOTU_v2_0859	Firmicutes	71.4748794891	38.268739772100005	44.2432376097	79.6411070174	37.485829793200004	51.2108891724	65.2277370188	63.560143780900006	46.8780414708	56.2885760472
ref_mOTU_v2_0860	Firmicutes	1.375454645	0.0001	0.8532861018000001	0.0001	1.0711208512000001	0.6051237982	0.5669691442	1.4634133722999998	0.0001	0.0001
ref_mOTU_v2_0882	Firmicutes	2.7508092901000003	0.0001	2.5037116759000004	0.0001	0.0001	0.6254165218	3.9536443215	0.0001	0.0001	3.2063407648
ref_mOTU_v2_0883	Firmicutes	1.3717070847	1.476287097	0.8725086656000001	0.0001	0.0001	0.0001	0.5695341629999999	4.402838776199999	0.0001	0.0001
ref_mOTU_v2_0884	Firmicutes	0.0001	2.9611576475000003	0.0001	1.1762210281999999	0.0001	0.0001	0.5721225001	0.0001	0.0001	0.0001
ref_mOTU_v2_0886	Firmicutes	0.0001	0.0001	1.4465936784	0.0001	2.1421417025	0.6254165218	0.0001	1.4591718843	0.0001	1.5830553462
ref_mOTU_v2_0887	Firmicutes	0.0001	0.0001	0.0001	1.1817427232	0.0001	0.0001	0.0001	1.4301562502	0.0001	0.0001
ref_mOTU_v2_0888	Firmicutes	0.0001	0.0001	0.0001	0.5854253489	0.0001	0.0001	0.5714732122999999	0.0001	0.0001	0.0001
ref_mOTU_v2_0897	Bacteroidetes	10.9431391322	4.8588014031	7.4411986287	9.1637941934	3.0570623487	3.1961622227	51.7989791517	1.4806288238	6.5576668832000005	12.7055997616
ref_mOTU_v2_0898	Bacteroidetes	266.7366788465	241.4301040873	248.4397829581	197.2406234421	238.44316319560002	256.04092561029995	193.405895748	167.29985708520002	202.03689050810002	178.0328748038
ref_mOTU_v2_0899	Bacteroidetes	91.64805273190001	78.6300834629	87.21937229100001	75.2193644107	89.01863302290002	81.9456488502	73.39580904850001	69.2724730381	66.20424604220001	81.7993175129
ref_mOTU_v2_0973	Firmicutes	12.0156411999	5.6088972269	6.8371770809	8.213756411599999	1.0509972862	4.229836886499999	5.624895404199999	7.381035485	10.001023180399999	5.7570684095
ref_mOTU_v2_0979	Firmicutes	0.0001	0.0001	0.8532861018000001	0.0001	0.0001	0.6254165218	0.5721225001	0.0001	0.0001	0.0001
ref_mOTU_v2_0984	Firmicutes	0.4511571685	0.0001	0.0001	0.0001	0.0001	0.0001	0.0001	0.0001	0.0001	0.0001
ref_mOTU_v2_1042	Firmicutes	0.0001	0.0001	0.0001	1.17897541	0.0001	0.0001	0.5682487586	0.0001	0.0001	0.0001
ref_mOTU_v2_1074	Bacteroidetes	66.0527541482	47.377022360400005	62.1292145528	55.667983773500005	64.5253073478	59.3938347921	43.4626794973	53.51397780020001	46.27492467100001	41.156939000200005
ref_mOTU_v2_1149	Proteobacteria	6.8581354234	5.8195196541	6.3835394938	7.0001163659	7.2504263386	9.2745969101	7.4111276342	8.320427274	5.9031275515	10.7481130415
ref_mOTU_v2_1151	Firmicutes	0.0001	0.0001	0.0001	0.0001	0.0001	0.6215565433	0.0001	1.4507622481	0.0001	0.0001
ref_mOTU_v2_1301	Verrucomicrobia	71.4074238587	45.26498889350001	47.8876734845	64.3952840606	57.63000847720001	57.40152406890001	49.716623464600005	78.0867171868	32.224735736	67.5917339329
ref_mOTU_v2_1308	Spirochaetes	0.0001	0.0001	0.8518424705	0.0001	0.0001	0.0001	0.0001	0.0001	0.0001	0.0001
ref_mOTU_v2_1309	Firmicutes	23.90471374	19.2469747089	18.4567396194	25.927771526999997	17.2096658147	10.376601852	20.5929100033	21.357164709	18.837172038800002	11.046051725899998
ref_mOTU_v2_1376	Firmicutes	0.0001	1.4549549135	0.8504037164	0.0001	0.0001	1.8515477163999998	1.1415507938	1.4676795921	0.0001	1.6083421728
ref_mOTU_v2_1377	Firmicutes	2.7210718923000003	3.3967248318000003	2.5903905664	3.4237256514	1.0711208512000001	3.1089247501	2.8472708149000003	0.0001	2.2225273734	6.711830667699999
ref_mOTU_v2_1378	Bacteroidetes	91.64805273190001	100.6760600159	90.050250753	103.0449061339	105.16869920530002	106.729130558	76.1955895282	120.1806068452	105.9148543154	106.05810819290001
ref_mOTU_v2_1380	Firmicutes	1.375454645	0.0001	1.7064722037	0.0001	0.0001	1.8783828361000001	1.1389683259999999	0.0001	0.0001	0.0001
ref_mOTU_v2_1382	Bacteroidetes	13.6788989152	6.2339055736999995	9.2704284185	6.9092345109	5.0950372478	5.1316508423	4.659365289999999	1.476287097	7.871935512	7.3260738762
ref_mOTU_v2_1383	Actinobacteria	68.3852827301	0.0001	45.9426784118	57.4362530053	31.6175867126	13.9630554151	50.95400634840001	20.2204700766	0.0001	0.0001
ref_mOTU_v2_1387	Firmicutes	0.0001	4.428661291	1.7210565815	0.5827155093999999	3.1927837214	5.0213448886	3.9906533415	4.4547884963	5.5196153517	1.6669205300999999
ref_mOTU_v2_1401	Firmicutes	0.0001	0.0001	0.0001	0.0001	0.0001	0.0001	0.5740792475	1.4982541669	1.0991825329	1.5394877678
ref_mOTU_v2_1405	Proteobacteria	0.0001	0.0001	0.0001	0.0001	0.0001	0.0001	0.0001	0.0001	32.589380577600004	0.0001
ref_mOTU_v2_1416	Firmicutes	228.97865415869998	217.83697254900002	215.6756485132	216.57047910400001	234.7696706253	201.12292076490002	220.16576642529998	222.5929017693	191.06235197910001	195.58078665509998
ref_mOTU_v2_1427	Firmicutes	0.0001	0.0001	0.0001	2.3414013957	0.5333413136	1.7767345884999999	0.5478473341	2.9438415209	4.484552561999999	1.5981311113999999
ref_mOTU_v2_1475	Firmicutes	0.0001	0.0001	0.8475407409	3.5068226312000004	1.0734044778	0.6007918855	0.5721225001	0.0001	2.2127584619	1.5981311113999999
ref_mOTU_v2_1481	Bacteroidetes	60.3508117262	83.8967333466	68.6428000108	61.06794460100001	53.8238786001	70.54647931080001	68.95623699720001	75.2856419474	40.999359735000006	71.6981130677
ref_mOTU_v2_1493	Firmicutes	0.0001	0.0001	0.0001	0.0001	1.1262293067	0.0001	0.0001	0.0001	0.0001	0.0001
ref_mOTU_v2_1612	Firmicutes	0.0001	0.0001	0.0001	0.0001	0.0001	0.6036729018	0.0001	0.0001	0.0001	0.0001
ref_mOTU_v2_1706	Bacteroidetes	61.554695118400005	54.050861268800006	72.39251272050001	65.4550585243	66.23428422100001	68.1827607515	0.0001	51.818608831700004	39.6504959962	59.6554464998
ref_mOTU_v2_1747	Firmicutes	0.0001	0.0001	0.0001	0.0001	0.5619078126	0.0001	0.0001	0.0001	0.0001	0.0001
ref_mOTU_v2_2358	Firmicutes	350.2972759457	328.90334225529995	324.6135552318	444.5738486683	349.99066915730003	319.26473817389996	337.4264096066	423.1955071465	365.7997642667	357.9876911161
ref_mOTU_v2_2510	Firmicutes	0.0001	0.0001	0.0001	0.0001	0.0001	0.0001	0.0001	0.0001	0.0001	1.6291608416999999
ref_mOTU_v2_2688	Firmicutes	0.0001	0.0001	0.8863320424	0.0001	0.0001	0.0001	0.0001	0.0001	0.0001	0.0001
ref_mOTU_v2_2690	Firmicutes	2.7508092901000003	1.4806288238	0.0001	0.0001	0.0001	0.0001	1.1300209878	0.0001	1.1137721241	0.0001
ref_mOTU_v2_2708	Firmicutes	0.0001	0.0001	0.0001	0.0001	0.0001	0.0001	0.5688907346	0.0001	0.0001	0.0001
ref_mOTU_v2_2726	Bacteroidetes	85.9757067898	0.0001	0.0001	0.0001	0.0001	0.0001	0.0001	0.0001	0.0001	0.0001
ref_mOTU_v2_2795	Firmicutes	8.0769727118	2.9611576475000003	3.4186385404000004	2.2830015877000003	2.1512957268000004	4.7065852086	2.2830015877000003	2.9438415209	1.1137721241	4.8094611472999995
ref_mOTU_v2_2805	Firmicutes	49.1177383812	45.6280935745	41.1076688962	42.7455824245	37.6750954321	42.543687782700005	43.1941817622	38.721623083000004	50.338080007900004	44.415964712900006
ref_mOTU_v2_2893	Firmicutes	14.8614627626	20.6667193581	13.3766202092	23.2699776273	15.131933621199998	14.196918580899998	18.1603633625	29.175582290300003	14.542183113399998	22.161474846300003
ref_mOTU_v2_2968	Firmicutes	0.0001	1.4719707605	0.8635301888	1.1546408259	0.0001	0.0001	1.7161719272	0.0001	2.2225273734	0.0001
ref_mOTU_v2_3198	Actinobacteria	1.4061888269999998	1.4220768363999998	0.0001	1.1653310187	0.0001	1.1734794873999999	1.6930813904	1.7039071947	1.0665826273	0.0001
ref_mOTU_v2_3608	NA	0.0001	5.0072256607	2.7259833939	4.693617949499999	0.0001	2.5201490617	0.0001	0.0001	0.0001	0.0001
ref_mOTU_v2_3613	Firmicutes	1.3605859462	0.0001	1.7819753985	0.0001	1.0826372045000001	1.2460896042	0.0001	1.4938086056	2.2830015877000003	3.3118092110000004
ref_mOTU_v2_3624	Firmicutes	54.419537846400004	60.2929016865	44.5751340495	71.8218907902	58.12230372050001	51.5584219384	56.518034076700005	60.880842782500004	64.0264780803	0.0001
ref_mOTU_v2_3773	Firmicutes	0.0001	0.0001	0.0001	0.0001	0.0001	0.0001	0.0001	0.0001	0.0001	1.5731618752
ref_mOTU_v2_3825	Firmicutes	0.0001	0.7381935485	0.0001	2.3578508200000003	1.0711208512000001	1.6247647014	3.4167049779000003	0.0001	0.0001	1.6134967950999999
ref_mOTU_v2_4020	Firmicutes	0.0001	0.0001	0.0001	2.3633854464	2.1467089556000003	0.0001	0.0001	0.0001	0.0001	0.0001
ref_mOTU_v2_4207	Firmicutes	26.055429664099997	21.9965282388	14.2551031881	25.009387964000002	19.4857696805	21.1035688073	21.2876238045	21.949800584899997	13.921001550899998	12.8250630594
ref_mOTU_v2_4211	Firmicutes	190.7912800017	144.9989938834	164.8392045528	215.6070946414	170.55382159610002	165.4780462016	156.366268365	161.7034879189	167.4652701507	168.81940860010002
ref_mOTU_v2_4234	Firmicutes	11.0330819196	5.9222152951	8.032756384199999	9.3871358989	10.6875692161	8.853513569199999	8.6294680014	14.981641669	8.8120002202	3.4301667785000003
ref_mOTU_v2_4235	Firmicutes	0.0001	0.0001	0.9087277979999999	1.1762210281999999	1.1287542603	2.5201490617	1.7181197955	1.4591718843	3.2407424898000006	3.0694890249
ref_mOTU_v2_4266	Bacteroidetes	174.194199755	164.8496251722	166.9459259523	190.19490739900002	195.97234997500001	167.6107842485	157.989369679	163.9799458221	165.5258901162	152.4711725126
ref_mOTU_v2_4268	Firmicutes	0.0001	0.0001	0.0001	0.0001	0.0001	0.0001	0.565695281	0.0001	0.0001	0.0001
ref_mOTU_v2_4313	Firmicutes	32.9186700324	17.7664458852	14.286338065699999	27.069097309	21.4661895556	15.1185213431	25.595683054899997	17.5598604679	15.4887092332	12.619113601099999
ref_mOTU_v2_4321	Bacteroidetes	12.5591185167	111.0397617822	87.21937229100001	91.17375683790002	89.1906043099	87.2667883859	86.0943721891	92.9998871115	96.09988001520001	53.48420375840001
ref_mOTU_v2_4389	Firmicutes	64.6417683162	83.2335188537	73.770173291	0.0001	92.5879279216	71.77182742020001	70.8274298308	67.3125151269	81.8145500284	72.8104666225
ref_mOTU_v2_4394	Firmicutes	0.0001	0.0001	0.84469698	2.3578508200000003	2.2472418795	0.0001	0.0001	0.0001	2.1887078264	0.0001
ref_mOTU_v2_4448	Bacteroidetes	0.0001	0.0001	0.0001	0.0001	0.0001	0.0001	0.0001	0.0001	1.1162414636	0.0001
ref_mOTU_v2_4459	Firmicutes	1.9312245527	1.4591718843	0.9170030967	3.5284630847000007	1.0509972862	0.6261942787	1.131290562	1.476287097	0.0001	0.0001
ref_mOTU_v2_4572	Firmicutes	0.0001	5.904848388	0.8120029034	3.2704106937	1.0576205884	1.2414805181	0.5669691442	0.0001	3.3337410601	1.5930740509
ref_mOTU_v2_4598	Firmicutes	5.4567915998	8.7004916063	12.697968830799999	6.8488047629999995	7.205945808899999	5.9784824237	15.0953557219	11.8095967761	10.990925329200001	8.0157019121
ref_mOTU_v2_4632	Firmicutes	0.0001	2.8244984602	1.68929396	2.3414013957	2.1240654012	1.8737220847	1.1415507938	1.4719707605	1.1113136867	0.0001
ref_mOTU_v2_4718	Firmicutes	4.126163935099999	5.9222152951	7.7843237126	5.7963749154999995	6.4399268667	1.2414805181	6.1593634048	10.2731571445	5.5684606203	6.4125815297
ref_mOTU_v2_4723	Firmicutes	0.0001	0.0001	0.8547346351	0.0001	0.0001	0.6555424479999999	1.1402580976	0.0001	0.0001	0.0001
ref_mOTU_v2_4738	Firmicutes	8.1410132088	4.4416864713	5.972402712799999	9.3871358989	3.2407424898000006	2.5107224443000002	5.7595942801	2.9964083338000003	4.4945625007	1.6559546055
ref_mOTU_v2_4846	Bacteroidetes	17.830992100899998	16.2859170614	19.4805711208	7.0955430560999995	7.1474805285	9.806200001499999	11.9454801053	10.3638017663	12.5276515857	17.7211716128
ref_mOTU_v2_4875	Firmicutes	84.45083891350001	50.0796541308	54.237631938300005	110.80680888530001	69.9939716136	56.535719363300004	56.3260972587	58.428112509200005	63.7856709061	48.093711472600006
ref_mOTU_v2_4879	Bacteroidetes	4.126163935099999	1.4634133722999998	1.5561426587	1.1873165096	4.1177261765	1.6291608416999999	0.5676082300999999	4.3773156529	2.2624811240000002	0.0001
ref_mOTU_v2_4880	Bacteroidetes	72.4977342506	63.66283942180001	42.930484287700004	53.632030301700006	64.8441980425	56.1145578807	50.104498748100006	45.65406776430001	28.5363698458	45.326895655
ref_mOTU_v2_4882	Firmicutes	0.0001	0.0001	0.84469698	0.0001	2.1421417025	0.0001	0.5714732122999999	0.0001	0.0001	1.6083421728
ref_mOTU_v2_4910	Firmicutes	157.2598138958	128.3195305652	125.60430889690001	177.22476551169999	162.037280974	114.4646006715	143.5586297822	191.6479689361	175.2396842286	111.20206032200001
ref_mOTU_v2_5209	Actinobacteria	0.0001	0.0001	0.0001	1.1817427232	0.0001	0.0001	0.0001	0.0001	0.0001	0.0001
